ID	X	Y	slope
1	62.9375	46.6875	0.001005
2	63.3125	46.6875	0.001179
3	63.4375	46.6875	0.002960
4	63.5625	46.6875	0.001605
5	63.6875	46.6875	0.001576
6	63.8125	46.6875	0.001733
7	62.3125	46.5625	0.000237
8	62.4375	46.5625	0.000227
9	62.5625	46.5625	0.000649
10	62.6875	46.5625	0.000750
11	62.8125	46.5625	0.000485
12	62.9375	46.5625	0.000990
13	63.0625	46.5625	0.001323
14	63.1875	46.5625	0.000779
15	63.3125	46.5625	0.000898
16	63.4375	46.5625	0.002201
17	63.5625	46.5625	0.002709
18	63.6875	46.5625	0.002827
19	63.8125	46.5625	0.003189
20	63.9375	46.5625	0.001969
21	64.0625	46.5625	0.000682
22	62.1875	46.4375	0.000367
23	62.3125	46.4375	0.000130
24	62.4375	46.4375	0.000240
25	62.5625	46.4375	0.000638
26	62.6875	46.4375	0.000406
27	62.8125	46.4375	0.000517
28	62.9375	46.4375	0.000696
29	63.0625	46.4375	0.000581
30	63.1875	46.4375	0.000606
31	63.3125	46.4375	0.000550
32	63.4375	46.4375	0.000852
33	63.5625	46.4375	0.001738
34	63.6875	46.4375	0.002318
35	63.8125	46.4375	0.003113
36	63.9375	46.4375	0.003472
37	64.0625	46.4375	0.003260
38	64.1875	46.4375	0.002805
39	64.3125	46.4375	0.003213
40	64.4375	46.4375	0.002995
41	64.5625	46.4375	0.001128
42	61.6875	46.3125	0.000671
43	61.8125	46.3125	0.000386
44	61.9375	46.3125	0.000024
45	62.0625	46.3125	0.000356
46	62.1875	46.3125	0.000198
47	62.3125	46.3125	0.000159
48	62.4375	46.3125	0.000658
49	62.5625	46.3125	0.000532
50	62.6875	46.3125	0.000217
51	62.8125	46.3125	0.000815
52	62.9375	46.3125	0.000661
53	63.0625	46.3125	0.000169
54	63.1875	46.3125	0.000046
55	63.3125	46.3125	0.000186
56	63.4375	46.3125	0.000310
57	63.5625	46.3125	0.000372
58	63.6875	46.3125	0.001032
59	63.8125	46.3125	0.001888
60	63.9375	46.3125	0.002731
61	64.0625	46.3125	0.003368
62	64.1875	46.3125	0.003212
63	64.3125	46.3125	0.002932
64	64.4375	46.3125	0.002216
65	64.5625	46.3125	0.003856
66	64.6875	46.3125	0.004164
67	64.8125	46.3125	0.001098
68	61.1875	46.1875	0.000891
69	61.3125	46.1875	0.000615
70	61.4375	46.1875	0.000300
71	61.5625	46.1875	0.000394
72	61.6875	46.1875	0.000376
73	61.8125	46.1875	0.000170
74	61.9375	46.1875	0.000130
75	62.0625	46.1875	0.000261
76	62.1875	46.1875	0.000208
77	62.3125	46.1875	0.000391
78	62.4375	46.1875	0.000778
79	62.5625	46.1875	0.000358
80	62.6875	46.1875	0.000192
81	62.8125	46.1875	0.000998
82	62.9375	46.1875	0.000806
83	63.0625	46.1875	0.000313
84	63.1875	46.1875	0.000398
85	63.3125	46.1875	0.000435
86	63.4375	46.1875	0.000439
87	63.5625	46.1875	0.000382
88	63.6875	46.1875	0.000297
89	63.8125	46.1875	0.000482
90	63.9375	46.1875	0.000708
91	64.0625	46.1875	0.000880
92	64.1875	46.1875	0.000336
93	64.3125	46.1875	0.000626
94	64.4375	46.1875	0.000590
95	64.5625	46.1875	0.003774
96	64.6875	46.1875	0.004677
97	64.8125	46.1875	0.002613
98	60.8125	46.0625	0.000391
99	60.9375	46.0625	0.000936
100	61.0625	46.0625	0.001102
101	61.1875	46.0625	0.000567
102	61.3125	46.0625	0.000449
103	61.4375	46.0625	0.000106
104	61.5625	46.0625	0.000250
105	61.6875	46.0625	0.000315
106	61.8125	46.0625	0.000363
107	61.9375	46.0625	0.000154
108	62.0625	46.0625	0.000075
109	62.1875	46.0625	0.000193
110	62.3125	46.0625	0.000525
111	62.4375	46.0625	0.000543
112	62.5625	46.0625	0.000404
113	62.6875	46.0625	0.000414
114	62.8125	46.0625	0.000942
115	62.9375	46.0625	0.000843
116	63.0625	46.0625	0.000229
117	63.1875	46.0625	0.000056
118	63.3125	46.0625	0.000179
119	63.4375	46.0625	0.000412
120	63.5625	46.0625	0.000556
121	63.6875	46.0625	0.000419
122	63.8125	46.0625	0.000508
123	63.9375	46.0625	0.000631
124	64.0625	46.0625	0.000652
125	64.1875	46.0625	0.000360
126	64.3125	46.0625	0.000734
127	64.4375	46.0625	0.000823
128	64.5625	46.0625	0.002109
129	64.6875	46.0625	0.003271
130	64.8125	46.0625	0.002145
131	61.0625	45.9375	0.000772
132	61.1875	45.9375	0.000610
133	61.3125	45.9375	0.000570
134	61.4375	45.9375	0.000171
135	61.5625	45.9375	0.000156
136	61.6875	45.9375	0.000072
137	61.8125	45.9375	0.000123
138	61.9375	45.9375	0.000220
139	62.0625	45.9375	0.000145
140	62.1875	45.9375	0.000240
141	62.3125	45.9375	0.000418
142	62.4375	45.9375	0.000325
143	62.5625	45.9375	0.000391
144	62.6875	45.9375	0.000564
145	62.8125	45.9375	0.000727
146	62.9375	45.9375	0.000740
147	63.0625	45.9375	0.000571
148	63.1875	45.9375	0.000402
149	63.3125	45.9375	0.000375
150	63.4375	45.9375	0.000403
151	63.5625	45.9375	0.000135
152	63.6875	45.9375	0.000256
153	63.8125	45.9375	0.000458
154	63.9375	45.9375	0.000851
155	64.0625	45.9375	0.001114
156	64.1875	45.9375	0.001047
157	64.3125	45.9375	0.000907
158	64.4375	45.9375	0.000625
159	64.5625	45.9375	0.000795
160	64.6875	45.9375	0.001762
161	64.8125	45.9375	0.001135
162	65.1875	45.9375	0.001898
163	61.5625	45.8125	0.000074
164	61.6875	45.8125	0.000096
165	61.8125	45.8125	0.000028
166	61.9375	45.8125	0.000203
167	62.0625	45.8125	0.000340
168	62.1875	45.8125	0.000340
169	62.3125	45.8125	0.000382
170	62.4375	45.8125	0.000433
171	62.5625	45.8125	0.000404
172	62.6875	45.8125	0.000321
173	62.8125	45.8125	0.000421
174	62.9375	45.8125	0.000476
175	63.0625	45.8125	0.000500
176	63.1875	45.8125	0.000463
177	63.3125	45.8125	0.000400
178	63.4375	45.8125	0.000467
179	63.5625	45.8125	0.000494
180	63.6875	45.8125	0.000351
181	63.8125	45.8125	0.000284
182	63.9375	45.8125	0.000524
183	64.0625	45.8125	0.000861
184	64.1875	45.8125	0.000377
185	64.3125	45.8125	0.000317
186	64.4375	45.8125	0.000078
187	64.5625	45.8125	0.000231
188	64.6875	45.8125	0.000613
189	64.8125	45.8125	0.001118
190	64.9375	45.8125	0.001502
191	65.0625	45.8125	0.001741
192	65.1875	45.8125	0.001825
193	61.6875	45.6875	0.000159
194	61.8125	45.6875	0.000093
195	61.9375	45.6875	0.000260
196	62.0625	45.6875	0.000452
197	62.1875	45.6875	0.000404
198	62.3125	45.6875	0.000357
199	62.4375	45.6875	0.000426
200	62.5625	45.6875	0.000315
201	62.6875	45.6875	0.000163
202	62.8125	45.6875	0.000260
203	62.9375	45.6875	0.000321
204	63.0625	45.6875	0.000229
205	63.1875	45.6875	0.000319
206	63.3125	45.6875	0.000186
207	63.4375	45.6875	0.000214
208	63.5625	45.6875	0.000470
209	63.6875	45.6875	0.000064
210	63.8125	45.6875	0.000311
211	63.9375	45.6875	0.000648
212	64.0625	45.6875	0.000737
213	64.1875	45.6875	0.000488
214	64.3125	45.6875	0.000399
215	64.4375	45.6875	0.000163
216	64.5625	45.6875	0.000228
217	64.6875	45.6875	0.000190
218	64.8125	45.6875	0.000184
219	64.9375	45.6875	0.000312
220	65.0625	45.6875	0.000224
221	65.1875	45.6875	0.000099
222	65.3125	45.6875	0.000183
223	65.5625	45.6875	0.001078
224	65.6875	45.6875	0.000715
225	66.3125	45.6875	0.000782
226	66.4375	45.6875	0.000856
227	66.5625	45.6875	0.000424
228	61.6875	45.5625	0.000148
229	61.8125	45.5625	0.000177
230	61.9375	45.5625	0.000289
231	62.5625	45.5625	0.000258
232	62.6875	45.5625	0.000233
233	62.8125	45.5625	0.000271
234	62.9375	45.5625	0.000243
235	63.0625	45.5625	0.000118
236	63.1875	45.5625	0.000160
237	63.3125	45.5625	0.000260
238	63.4375	45.5625	0.000270
239	63.5625	45.5625	0.000268
240	63.6875	45.5625	0.000178
241	63.8125	45.5625	0.000087
242	63.9375	45.5625	0.000302
243	64.0625	45.5625	0.000473
244	64.1875	45.5625	0.000431
245	64.3125	45.5625	0.000099
246	64.4375	45.5625	0.000175
247	64.5625	45.5625	0.000340
248	64.6875	45.5625	0.000226
249	64.8125	45.5625	0.000144
250	64.9375	45.5625	0.000191
251	65.0625	45.5625	0.000150
252	65.1875	45.5625	0.000162
253	65.3125	45.5625	0.000212
254	65.4375	45.5625	0.000417
255	65.5625	45.5625	0.000742
256	65.6875	45.5625	0.000868
257	65.8125	45.5625	0.000827
258	66.0625	45.5625	0.001364
259	66.1875	45.5625	0.001351
260	66.3125	45.5625	0.001281
261	66.4375	45.5625	0.001176
262	66.5625	45.5625	0.001020
263	62.9375	45.4375	0.000270
264	63.0625	45.4375	0.000193
265	63.8125	45.4375	0.000150
266	63.9375	45.4375	0.000209
267	64.0625	45.4375	0.000214
268	64.1875	45.4375	0.000217
269	64.3125	45.4375	0.000180
270	64.4375	45.4375	0.000207
271	64.5625	45.4375	0.000348
272	64.6875	45.4375	0.000195
273	64.8125	45.4375	0.000128
274	64.9375	45.4375	0.000130
275	65.0625	45.4375	0.000111
276	65.1875	45.4375	0.000194
277	65.3125	45.4375	0.000232
278	65.4375	45.4375	0.000177
279	65.5625	45.4375	0.000161
280	65.6875	45.4375	0.000213
281	65.8125	45.4375	0.000190
282	65.9375	45.4375	0.000225
283	66.0625	45.4375	0.000475
284	66.1875	45.4375	0.000687
285	66.3125	45.4375	0.000832
286	66.4375	45.4375	0.000870
287	66.5625	45.4375	0.000791
288	66.6875	45.4375	0.000750
289	63.8125	45.3125	0.000156
290	63.9375	45.3125	0.000189
291	64.0625	45.3125	0.000130
292	64.1875	45.3125	0.000153
293	64.3125	45.3125	0.000196
294	64.4375	45.3125	0.000197
295	64.5625	45.3125	0.000212
296	64.6875	45.3125	0.000207
297	64.8125	45.3125	0.000244
298	64.9375	45.3125	0.000255
299	65.0625	45.3125	0.000286
300	65.1875	45.3125	0.000334
301	65.3125	45.3125	0.000320
302	65.4375	45.3125	0.000238
303	65.5625	45.3125	0.000186
304	65.6875	45.3125	0.000225
305	65.8125	45.3125	0.000300
306	65.9375	45.3125	0.000297
307	66.0625	45.3125	0.000254
308	66.1875	45.3125	0.000231
309	66.3125	45.3125	0.000087
310	66.4375	45.3125	0.000108
311	66.5625	45.3125	0.000183
312	64.0625	45.1875	0.000201
313	64.1875	45.1875	0.000212
314	64.3125	45.1875	0.000152
315	64.4375	45.1875	0.000150
316	64.5625	45.1875	0.000240
317	64.6875	45.1875	0.000333
318	64.8125	45.1875	0.000334
319	64.9375	45.1875	0.000261
320	65.0625	45.1875	0.000199
321	65.1875	45.1875	0.000183
322	65.3125	45.1875	0.000129
323	65.4375	45.1875	0.000109
324	65.5625	45.1875	0.000161
325	65.6875	45.1875	0.000214
326	65.8125	45.1875	0.000230
327	65.9375	45.1875	0.000227
328	66.0625	45.1875	0.000233
329	66.1875	45.1875	0.000243
330	66.3125	45.1875	0.000296
331	66.4375	45.1875	0.000313
332	66.5625	45.1875	0.000321
333	64.3125	45.0625	0.000192
334	64.4375	45.0625	0.000188
335	64.5625	45.0625	0.000270
336	64.6875	45.0625	0.000254
337	64.8125	45.0625	0.000227
338	64.9375	45.0625	0.000195
339	65.0625	45.0625	0.000175
340	65.1875	45.0625	0.000165
341	65.3125	45.0625	0.000113
342	65.4375	45.0625	0.000134
343	65.5625	45.0625	0.000226
344	65.6875	45.0625	0.000241
345	65.8125	45.0625	0.000195
346	65.9375	45.0625	0.000182
347	66.0625	45.0625	0.000225
348	66.1875	45.0625	0.000237
349	66.3125	45.0625	0.000251
350	66.4375	45.0625	0.000329
351	66.5625	45.0625	0.000281
352	66.6875	45.0625	0.000316
353	64.5625	44.9375	0.000246
354	64.6875	44.9375	0.000184
355	64.8125	44.9375	0.000178
356	64.9375	44.9375	0.000216
357	65.0625	44.9375	0.000258
358	65.1875	44.9375	0.000233
359	65.3125	44.9375	0.000259
360	65.4375	44.9375	0.000259
361	65.5625	44.9375	0.000239
362	65.6875	44.9375	0.000165
363	65.8125	44.9375	0.000145
364	65.9375	44.9375	0.000237
365	66.0625	44.9375	0.000229
366	66.1875	44.9375	0.000232
367	66.3125	44.9375	0.000209
368	66.4375	44.9375	0.000196
369	66.5625	44.9375	0.000240
370	66.6875	44.9375	0.000299
371	66.8125	44.9375	0.000949
372	64.8125	44.8125	0.000163
373	65.3125	44.8125	0.000232
374	65.4375	44.8125	0.000159
375	65.5625	44.8125	0.000219
376	65.6875	44.8125	0.000214
377	65.8125	44.8125	0.000179
378	65.9375	44.8125	0.000347
379	66.0625	44.8125	0.000291
380	66.1875	44.8125	0.000190
381	66.3125	44.8125	0.000201
382	66.4375	44.8125	0.000186
383	66.5625	44.8125	0.000145
384	66.6875	44.8125	0.000176
385	66.8125	44.8125	0.001287
386	66.9375	44.8125	0.005127
387	67.0625	44.8125	0.007987
388	65.4375	44.6875	0.000296
389	65.5625	44.6875	0.000260
390	65.6875	44.6875	0.000262
391	65.8125	44.6875	0.000247
392	65.9375	44.6875	0.000251
393	66.0625	44.6875	0.000267
394	66.1875	44.6875	0.000119
395	66.3125	44.6875	0.000229
396	66.4375	44.6875	0.000238
397	66.5625	44.6875	0.000217
398	66.6875	44.6875	0.000358
399	66.8125	44.6875	0.002559
400	66.9375	44.6875	0.007282
401	67.0625	44.6875	0.008753
402	67.1875	44.6875	0.007798
403	65.6875	44.5625	0.000244
404	65.8125	44.5625	0.000252
405	65.9375	44.5625	0.000353
406	66.0625	44.5625	0.000347
407	66.1875	44.5625	0.000184
408	66.3125	44.5625	0.000165
409	66.4375	44.5625	0.000225
410	66.5625	44.5625	0.000237
411	66.6875	44.5625	0.000579
412	66.8125	44.5625	0.003520
413	66.9375	44.5625	0.004934
414	67.0625	44.5625	0.007036
415	67.1875	44.5625	0.012617
416	67.3125	44.5625	0.010246
417	65.8125	44.4375	0.000239
418	65.9375	44.4375	0.000303
419	66.0625	44.4375	0.000319
420	66.1875	44.4375	0.000295
421	66.3125	44.4375	0.000159
422	66.4375	44.4375	0.000230
423	66.5625	44.4375	0.000339
424	66.6875	44.4375	0.000604
425	66.8125	44.4375	0.002606
426	66.9375	44.4375	0.002987
427	67.0625	44.4375	0.004159
428	67.1875	44.4375	0.011009
429	67.3125	44.4375	0.015506
430	67.4375	44.4375	0.008002
431	66.0625	44.3125	0.000165
432	66.1875	44.3125	0.000132
433	66.3125	44.3125	0.000286
434	66.4375	44.3125	0.000252
435	66.5625	44.3125	0.000425
436	66.6875	44.3125	0.000492
437	66.8125	44.3125	0.000739
438	66.9375	44.3125	0.000654
439	67.0625	44.3125	0.001305
440	67.1875	44.3125	0.006010
441	67.3125	44.3125	0.010671
442	67.4375	44.3125	0.012225
443	67.5625	44.3125	0.012347
444	67.6875	44.3125	0.010200
445	67.8125	44.3125	0.012401
446	66.1875	44.1875	0.000186
447	66.3125	44.1875	0.000173
448	66.4375	44.1875	0.000205
449	66.5625	44.1875	0.000266
450	66.6875	44.1875	0.000387
451	66.8125	44.1875	0.000181
452	66.9375	44.1875	0.000165
453	67.0625	44.1875	0.000830
454	67.1875	44.1875	0.003081
455	67.3125	44.1875	0.006574
456	67.4375	44.1875	0.010149
457	67.5625	44.1875	0.014662
458	67.6875	44.1875	0.016698
459	67.8125	44.1875	0.010252
460	67.9375	44.1875	0.003714
461	66.3125	44.0625	0.000236
462	66.4375	44.0625	0.000204
463	66.5625	44.0625	0.000184
464	66.6875	44.0625	0.000245
465	66.8125	44.0625	0.000228
466	66.9375	44.0625	0.000266
467	67.0625	44.0625	0.000355
468	67.1875	44.0625	0.001581
469	67.3125	44.0625	0.004510
470	67.4375	44.0625	0.007979
471	67.5625	44.0625	0.013718
472	67.6875	44.0625	0.017049
473	67.8125	44.0625	0.014682
474	67.9375	44.0625	0.012191
475	68.0625	44.0625	0.006912
476	66.4375	43.9375	0.000325
477	66.5625	43.9375	0.000229
478	66.6875	43.9375	0.000216
479	66.8125	43.9375	0.000270
480	66.9375	43.9375	0.000384
481	67.0625	43.9375	0.000275
482	67.1875	43.9375	0.000651
483	67.3125	43.9375	0.002514
484	67.4375	43.9375	0.004888
485	67.5625	43.9375	0.009398
486	67.6875	43.9375	0.013859
487	67.8125	43.9375	0.014629
488	67.9375	43.9375	0.014606
489	68.0625	43.9375	0.014954
490	68.1875	43.9375	0.019153
491	68.3125	43.9375	0.016279
492	66.5625	43.8125	0.000406
493	66.6875	43.8125	0.000317
494	66.8125	43.8125	0.000247
495	66.9375	43.8125	0.000361
496	67.0625	43.8125	0.000302
497	67.1875	43.8125	0.000267
498	67.3125	43.8125	0.000857
499	67.4375	43.8125	0.002717
500	67.5625	43.8125	0.005868
501	67.6875	43.8125	0.008260
502	67.8125	43.8125	0.011161
503	67.9375	43.8125	0.014464
504	68.0625	43.8125	0.015765
505	68.1875	43.8125	0.019687
506	68.3125	43.8125	0.026293
507	68.4375	43.8125	0.029123
508	68.5625	43.8125	0.028447
509	68.6875	43.8125	0.017885
510	66.5625	43.6875	0.000718
511	66.6875	43.6875	0.000729
512	66.8125	43.6875	0.000643
513	66.9375	43.6875	0.000462
514	67.0625	43.6875	0.000315
515	67.1875	43.6875	0.000183
516	67.3125	43.6875	0.000165
517	67.4375	43.6875	0.001143
518	67.5625	43.6875	0.003419
519	67.6875	43.6875	0.004492
520	67.8125	43.6875	0.005156
521	67.9375	43.6875	0.007330
522	68.0625	43.6875	0.009970
523	68.1875	43.6875	0.013755
524	68.3125	43.6875	0.018331
525	68.4375	43.6875	0.020954
526	68.5625	43.6875	0.022979
527	68.6875	43.6875	0.023933
528	68.8125	43.6875	0.017900
529	68.9375	43.6875	0.009830
530	66.8125	43.5625	0.000770
531	66.9375	43.5625	0.000675
532	67.0625	43.5625	0.000451
533	67.1875	43.5625	0.000210
534	67.3125	43.5625	0.000179
535	67.4375	43.5625	0.000208
536	67.5625	43.5625	0.001007
537	67.6875	43.5625	0.001945
538	67.8125	43.5625	0.002799
539	67.9375	43.5625	0.004012
540	68.0625	43.5625	0.005018
541	68.1875	43.5625	0.006668
542	68.3125	43.5625	0.009154
543	68.4375	43.5625	0.011502
544	68.5625	43.5625	0.013928
545	68.6875	43.5625	0.017604
546	68.8125	43.5625	0.019439
547	68.9375	43.5625	0.018985
548	69.0625	43.5625	0.014841
549	66.9375	43.4375	0.000519
550	67.0625	43.4375	0.000509
551	67.1875	43.4375	0.000374
552	67.3125	43.4375	0.000278
553	67.4375	43.4375	0.000304
554	67.5625	43.4375	0.000267
555	67.6875	43.4375	0.000395
556	67.8125	43.4375	0.001220
557	67.9375	43.4375	0.001933
558	68.0625	43.4375	0.002261
559	68.1875	43.4375	0.002835
560	68.3125	43.4375	0.004147
561	68.4375	43.4375	0.006167
562	68.5625	43.4375	0.008001
563	68.6875	43.4375	0.009588
564	68.8125	43.4375	0.010458
565	68.9375	43.4375	0.012181
566	69.0625	43.4375	0.014490
567	69.1875	43.4375	0.014640
568	69.3125	43.4375	0.011706
569	69.4375	43.4375	0.008194
570	69.5625	43.4375	0.012036
571	69.6875	43.4375	0.015043
572	67.0625	43.3125	0.000357
573	67.1875	43.3125	0.000255
574	67.3125	43.3125	0.000324
575	67.4375	43.3125	0.000338
576	67.5625	43.3125	0.000279
577	67.6875	43.3125	0.000279
578	67.8125	43.3125	0.000233
579	67.9375	43.3125	0.000638
580	68.0625	43.3125	0.000937
581	68.1875	43.3125	0.001166
582	68.3125	43.3125	0.001659
583	68.4375	43.3125	0.002770
584	68.5625	43.3125	0.004289
585	68.6875	43.3125	0.005689
586	68.8125	43.3125	0.005829
587	68.9375	43.3125	0.005500
588	69.0625	43.3125	0.006073
589	69.1875	43.3125	0.007623
590	69.3125	43.3125	0.008093
591	69.4375	43.3125	0.008333
592	69.5625	43.3125	0.012740
593	69.6875	43.3125	0.019278
594	69.8125	43.3125	0.016510
595	69.9375	43.3125	0.004799
596	67.0625	43.1875	0.000203
597	67.1875	43.1875	0.000154
598	67.3125	43.1875	0.000273
599	67.4375	43.1875	0.000246
600	67.5625	43.1875	0.000227
601	67.6875	43.1875	0.000261
602	67.8125	43.1875	0.000290
603	67.9375	43.1875	0.000236
604	68.0625	43.1875	0.000299
605	68.1875	43.1875	0.000350
606	68.3125	43.1875	0.000305
607	68.4375	43.1875	0.000622
608	68.5625	43.1875	0.001674
609	68.6875	43.1875	0.002876
610	68.8125	43.1875	0.003183
611	68.9375	43.1875	0.003243
612	69.0625	43.1875	0.003931
613	69.1875	43.1875	0.004841
614	69.3125	43.1875	0.005242
615	69.4375	43.1875	0.006552
616	69.5625	43.1875	0.011136
617	69.6875	43.1875	0.017588
618	69.8125	43.1875	0.017464
619	69.9375	43.1875	0.013786
620	70.0625	43.1875	0.005270
621	67.0625	43.0625	0.000106
622	67.1875	43.0625	0.000255
623	67.3125	43.0625	0.000298
624	67.4375	43.0625	0.000231
625	67.5625	43.0625	0.000226
626	67.6875	43.0625	0.000268
627	67.8125	43.0625	0.000316
628	67.9375	43.0625	0.000322
629	68.0625	43.0625	0.000238
630	68.1875	43.0625	0.000263
631	68.3125	43.0625	0.000299
632	68.4375	43.0625	0.000309
633	68.5625	43.0625	0.000674
634	68.6875	43.0625	0.001330
635	68.8125	43.0625	0.001782
636	68.9375	43.0625	0.002327
637	69.0625	43.0625	0.003222
638	69.1875	43.0625	0.003991
639	69.3125	43.0625	0.004034
640	69.4375	43.0625	0.004374
641	69.5625	43.0625	0.008144
642	69.6875	43.0625	0.015760
643	69.8125	43.0625	0.020065
644	69.9375	43.0625	0.015013
645	70.0625	43.0625	0.005028
646	70.1875	43.0625	0.001609
647	70.3125	43.0625	0.005949
648	70.4375	43.0625	0.016175
649	66.9375	42.9375	0.000078
650	67.0625	42.9375	0.000205
651	67.1875	42.9375	0.000285
652	67.3125	42.9375	0.000296
653	67.4375	42.9375	0.000246
654	67.5625	42.9375	0.000221
655	67.6875	42.9375	0.000259
656	67.8125	42.9375	0.000268
657	67.9375	42.9375	0.000312
658	68.0625	42.9375	0.000342
659	68.1875	42.9375	0.000280
660	68.3125	42.9375	0.000380
661	68.4375	42.9375	0.000436
662	68.5625	42.9375	0.000784
663	68.6875	42.9375	0.001240
664	68.8125	42.9375	0.001664
665	68.9375	42.9375	0.001969
666	69.0625	42.9375	0.002658
667	69.1875	42.9375	0.002937
668	69.3125	42.9375	0.003454
669	69.4375	42.9375	0.004796
670	69.5625	42.9375	0.006608
671	69.6875	42.9375	0.014488
672	69.8125	42.9375	0.023611
673	69.9375	42.9375	0.014163
674	70.0625	42.9375	0.003435
675	70.1875	42.9375	0.005742
676	70.3125	42.9375	0.007827
677	70.4375	42.9375	0.002580
678	70.5625	42.9375	0.005403
679	66.9375	42.8125	0.000125
680	67.0625	42.8125	0.000235
681	67.1875	42.8125	0.000255
682	67.3125	42.8125	0.000265
683	67.4375	42.8125	0.000179
684	67.5625	42.8125	0.000238
685	67.6875	42.8125	0.000311
686	67.8125	42.8125	0.000244
687	67.9375	42.8125	0.000259
688	68.0625	42.8125	0.000302
689	68.1875	42.8125	0.000302
690	68.3125	42.8125	0.000495
691	68.4375	42.8125	0.000615
692	68.5625	42.8125	0.000779
693	68.6875	42.8125	0.001209
694	68.8125	42.8125	0.001852
695	68.9375	42.8125	0.002045
696	69.0625	42.8125	0.002476
697	69.1875	42.8125	0.002753
698	69.3125	42.8125	0.003587
699	69.4375	42.8125	0.004672
700	69.5625	42.8125	0.005637
701	69.6875	42.8125	0.010980
702	69.8125	42.8125	0.019536
703	69.9375	42.8125	0.019870
704	70.0625	42.8125	0.017424
705	70.1875	42.8125	0.017499
706	70.3125	42.8125	0.015337
707	70.4375	42.8125	0.007019
708	70.5625	42.8125	0.004746
709	66.9375	42.6875	0.000196
710	67.0625	42.6875	0.000225
711	67.1875	42.6875	0.000243
712	67.3125	42.6875	0.000288
713	67.4375	42.6875	0.000319
714	67.5625	42.6875	0.000507
715	67.6875	42.6875	0.000561
716	67.8125	42.6875	0.000437
717	67.9375	42.6875	0.000254
718	68.0625	42.6875	0.000241
719	68.1875	42.6875	0.000246
720	68.3125	42.6875	0.000464
721	68.4375	42.6875	0.000535
722	68.5625	42.6875	0.000865
723	68.6875	42.6875	0.001296
724	68.8125	42.6875	0.001742
725	68.9375	42.6875	0.002060
726	69.0625	42.6875	0.002133
727	69.1875	42.6875	0.002687
728	69.3125	42.6875	0.003660
729	69.4375	42.6875	0.004384
730	69.5625	42.6875	0.005121
731	69.6875	42.6875	0.006532
732	69.8125	42.6875	0.009175
733	69.9375	42.6875	0.009296
734	70.0625	42.6875	0.009558
735	70.1875	42.6875	0.013149
736	70.3125	42.6875	0.013408
737	70.4375	42.6875	0.013670
738	67.1875	42.5625	0.000840
739	67.3125	42.5625	0.000891
740	67.4375	42.5625	0.001003
741	67.5625	42.5625	0.001668
742	67.6875	42.5625	0.001573
743	67.8125	42.5625	0.001482
744	67.9375	42.5625	0.000509
745	68.0625	42.5625	0.000325
746	68.1875	42.5625	0.000341
747	68.3125	42.5625	0.000289
748	68.4375	42.5625	0.000561
749	68.5625	42.5625	0.001499
750	68.6875	42.5625	0.001990
751	68.8125	42.5625	0.001901
752	68.9375	42.5625	0.002479
753	69.0625	42.5625	0.003117
754	69.1875	42.5625	0.003813
755	69.3125	42.5625	0.004609
756	69.4375	42.5625	0.005594
757	69.5625	42.5625	0.007048
758	69.6875	42.5625	0.008946
759	69.8125	42.5625	0.012079
760	69.9375	42.5625	0.015552
761	70.0625	42.5625	0.019632
762	70.1875	42.5625	0.023722
763	70.3125	42.5625	0.029337
764	70.4375	42.5625	0.042374
765	70.5625	42.5625	0.061833
766	70.6875	42.5625	0.069875
767	67.4375	42.4375	0.002113
768	67.5625	42.4375	0.002336
769	67.6875	42.4375	0.001361
770	67.8125	42.4375	0.001918
771	67.9375	42.4375	0.000572
772	68.0625	42.4375	0.000237
773	68.1875	42.4375	0.000292
774	68.3125	42.4375	0.000851
775	68.4375	42.4375	0.001871
776	68.5625	42.4375	0.003352
777	68.6875	42.4375	0.003678
778	68.8125	42.4375	0.003372
779	68.9375	42.4375	0.003837
780	69.0625	42.4375	0.004969
781	69.1875	42.4375	0.005502
782	69.3125	42.4375	0.005526
783	69.4375	42.4375	0.006454
784	69.5625	42.4375	0.008334
785	69.6875	42.4375	0.010381
786	69.8125	42.4375	0.012994
787	69.9375	42.4375	0.017724
788	70.0625	42.4375	0.024182
789	70.1875	42.4375	0.028314
790	70.3125	42.4375	0.039682
791	70.4375	42.4375	0.061031
792	70.5625	42.4375	0.063694
793	70.6875	42.4375	0.042550
794	70.8125	42.4375	0.025495
795	74.1875	42.4375	0.029150
796	74.3125	42.4375	0.015663
797	74.4375	42.4375	0.012072
798	74.5625	42.4375	0.019923
799	74.6875	42.4375	0.022579
800	74.8125	42.4375	0.016190
801	67.5625	42.3125	0.000164
802	67.6875	42.3125	0.001608
803	67.8125	42.3125	0.001502
804	67.9375	42.3125	0.000342
805	68.0625	42.3125	0.000329
806	68.1875	42.3125	0.000782
807	68.3125	42.3125	0.002357
808	68.4375	42.3125	0.003455
809	68.5625	42.3125	0.004520
810	68.6875	42.3125	0.004489
811	68.8125	42.3125	0.004078
812	68.9375	42.3125	0.004331
813	69.0625	42.3125	0.005357
814	69.1875	42.3125	0.006030
815	69.3125	42.3125	0.006784
816	69.4375	42.3125	0.010129
817	69.5625	42.3125	0.015803
818	69.6875	42.3125	0.017314
819	69.8125	42.3125	0.017703
820	69.9375	42.3125	0.035487
821	70.0625	42.3125	0.048991
822	70.1875	42.3125	0.053370
823	70.3125	42.3125	0.058757
824	70.4375	42.3125	0.057327
825	70.5625	42.3125	0.021842
826	70.6875	42.3125	0.012321
827	70.8125	42.3125	0.019031
828	70.9375	42.3125	0.014177
829	71.0625	42.3125	0.010398
830	71.1875	42.3125	0.004127
831	72.5625	42.3125	0.030830
832	72.6875	42.3125	0.026121
833	72.9375	42.3125	0.020301
834	73.0625	42.3125	0.004265
835	73.1875	42.3125	0.004507
836	73.3125	42.3125	0.010417
837	73.4375	42.3125	0.010730
838	73.5625	42.3125	0.008928
839	73.6875	42.3125	0.024504
840	73.8125	42.3125	0.024171
841	73.9375	42.3125	0.004575
842	74.0625	42.3125	0.015508
843	74.1875	42.3125	0.033391
844	74.3125	42.3125	0.023790
845	74.4375	42.3125	0.015214
846	74.5625	42.3125	0.020823
847	74.6875	42.3125	0.035771
848	74.8125	42.3125	0.039642
849	67.4375	42.1875	0.000331
850	67.5625	42.1875	0.001436
851	67.6875	42.1875	0.001303
852	67.8125	42.1875	0.000334
853	67.9375	42.1875	0.000220
854	68.0625	42.1875	0.000486
855	68.1875	42.1875	0.002321
856	68.3125	42.1875	0.004326
857	68.4375	42.1875	0.004463
858	68.5625	42.1875	0.004144
859	68.6875	42.1875	0.003987
860	68.8125	42.1875	0.003941
861	68.9375	42.1875	0.005412
862	69.0625	42.1875	0.007159
863	69.1875	42.1875	0.008046
864	69.3125	42.1875	0.009496
865	69.4375	42.1875	0.012717
866	69.5625	42.1875	0.016683
867	69.6875	42.1875	0.015845
868	69.8125	42.1875	0.022683
869	69.9375	42.1875	0.045485
870	70.0625	42.1875	0.051188
871	70.1875	42.1875	0.039968
872	70.3125	42.1875	0.019460
873	70.4375	42.1875	0.023965
874	70.5625	42.1875	0.018977
875	70.6875	42.1875	0.010878
876	70.8125	42.1875	0.022238
877	70.9375	42.1875	0.011514
878	71.0625	42.1875	0.020310
879	71.1875	42.1875	0.034427
880	71.3125	42.1875	0.043116
881	71.4375	42.1875	0.038109
882	71.5625	42.1875	0.017603
883	71.6875	42.1875	0.022647
884	71.8125	42.1875	0.003370
885	71.9375	42.1875	0.017019
886	72.1875	42.1875	0.017988
887	72.3125	42.1875	0.040188
888	72.4375	42.1875	0.048418
889	72.5625	42.1875	0.069977
890	72.6875	42.1875	0.064895
891	72.8125	42.1875	0.055059
892	72.9375	42.1875	0.060294
893	73.0625	42.1875	0.056057
894	73.1875	42.1875	0.048423
895	73.3125	42.1875	0.033340
896	73.4375	42.1875	0.019520
897	73.5625	42.1875	0.015200
898	73.6875	42.1875	0.005294
899	73.8125	42.1875	0.034156
900	73.9375	42.1875	0.037876
901	74.0625	42.1875	0.018217
902	74.1875	42.1875	0.022102
903	74.3125	42.1875	0.034992
904	74.4375	42.1875	0.055940
905	74.5625	42.1875	0.047719
906	74.6875	42.1875	0.040980
907	74.8125	42.1875	0.037103
908	74.9375	42.1875	0.026871
909	75.0625	42.1875	0.012887
910	75.1875	42.1875	0.018787
911	67.4375	42.0625	0.001138
912	67.5625	42.0625	0.001682
913	67.6875	42.0625	0.000923
914	67.8125	42.0625	0.000426
915	67.9375	42.0625	0.000265
916	68.0625	42.0625	0.001170
917	68.1875	42.0625	0.004037
918	68.3125	42.0625	0.005191
919	68.4375	42.0625	0.004407
920	68.5625	42.0625	0.004054
921	68.6875	42.0625	0.004500
922	68.8125	42.0625	0.005006
923	68.9375	42.0625	0.005313
924	69.0625	42.0625	0.005934
925	69.1875	42.0625	0.007971
926	69.3125	42.0625	0.007897
927	69.4375	42.0625	0.008232
928	69.5625	42.0625	0.013138
929	69.6875	42.0625	0.019624
930	69.8125	42.0625	0.030688
931	69.9375	42.0625	0.036396
932	70.0625	42.0625	0.039156
933	70.1875	42.0625	0.025009
934	70.3125	42.0625	0.022159
935	70.4375	42.0625	0.022168
936	70.5625	42.0625	0.016744
937	70.6875	42.0625	0.012440
938	70.8125	42.0625	0.018611
939	70.9375	42.0625	0.032033
940	71.0625	42.0625	0.033703
941	71.1875	42.0625	0.034589
942	71.3125	42.0625	0.014752
943	71.4375	42.0625	0.018779
944	71.5625	42.0625	0.031266
945	71.6875	42.0625	0.009767
946	71.8125	42.0625	0.037921
947	71.9375	42.0625	0.051620
948	72.0625	42.0625	0.046070
949	72.1875	42.0625	0.026029
950	72.3125	42.0625	0.028294
951	72.4375	42.0625	0.038279
952	72.5625	42.0625	0.019106
953	72.6875	42.0625	0.043649
954	72.8125	42.0625	0.057226
955	72.9375	42.0625	0.066334
956	73.0625	42.0625	0.070222
957	73.1875	42.0625	0.067123
958	73.3125	42.0625	0.063411
959	73.4375	42.0625	0.052362
960	73.5625	42.0625	0.048283
961	73.6875	42.0625	0.046719
962	73.8125	42.0625	0.021565
963	73.9375	42.0625	0.009547
964	74.0625	42.0625	0.018281
965	74.1875	42.0625	0.017677
966	74.3125	42.0625	0.032943
967	74.4375	42.0625	0.031622
968	74.5625	42.0625	0.002464
969	74.6875	42.0625	0.015877
970	74.8125	42.0625	0.030080
971	74.9375	42.0625	0.032826
972	75.0625	42.0625	0.020847
973	75.1875	42.0625	0.018479
974	75.3125	42.0625	0.014512
975	77.9375	42.0625	0.009039
976	78.0625	42.0625	0.006523
977	78.1875	42.0625	0.020087
978	67.3125	41.9375	0.000917
979	67.4375	41.9375	0.001300
980	67.5625	41.9375	0.001777
981	67.6875	41.9375	0.001315
982	67.8125	41.9375	0.000795
983	67.9375	41.9375	0.000616
984	68.0625	41.9375	0.002312
985	68.1875	41.9375	0.004632
986	68.3125	41.9375	0.003985
987	68.4375	41.9375	0.003362
988	68.5625	41.9375	0.003385
989	68.6875	41.9375	0.003028
990	68.8125	41.9375	0.002908
991	68.9375	41.9375	0.003041
992	69.0625	41.9375	0.005149
993	69.1875	41.9375	0.007970
994	69.3125	41.9375	0.004501
995	69.4375	41.9375	0.007898
996	69.5625	41.9375	0.022251
997	69.6875	41.9375	0.033937
998	69.8125	41.9375	0.025292
999	69.9375	41.9375	0.017099
1000	70.0625	41.9375	0.031898
1001	70.1875	41.9375	0.020238
1002	70.3125	41.9375	0.010981
1003	70.4375	41.9375	0.021622
1004	70.5625	41.9375	0.017787
1005	70.6875	41.9375	0.039327
1006	70.8125	41.9375	0.043354
1007	70.9375	41.9375	0.027890
1008	71.0625	41.9375	0.010393
1009	71.1875	41.9375	0.006568
1010	71.3125	41.9375	0.033743
1011	71.4375	41.9375	0.027223
1012	71.5625	41.9375	0.010018
1013	71.6875	41.9375	0.051695
1014	71.8125	41.9375	0.072018
1015	71.9375	41.9375	0.054395
1016	72.0625	41.9375	0.046529
1017	72.1875	41.9375	0.041899
1018	72.3125	41.9375	0.007869
1019	72.4375	41.9375	0.032240
1020	72.5625	41.9375	0.049513
1021	72.6875	41.9375	0.029887
1022	72.8125	41.9375	0.007470
1023	72.9375	41.9375	0.012131
1024	73.0625	41.9375	0.004261
1025	73.1875	41.9375	0.012850
1026	73.3125	41.9375	0.028730
1027	73.4375	41.9375	0.021325
1028	73.5625	41.9375	0.023845
1029	73.6875	41.9375	0.029493
1030	73.8125	41.9375	0.044182
1031	73.9375	41.9375	0.047792
1032	74.0625	41.9375	0.029566
1033	74.1875	41.9375	0.029187
1034	74.3125	41.9375	0.012381
1035	74.4375	41.9375	0.028695
1036	74.5625	41.9375	0.045431
1037	74.6875	41.9375	0.048058
1038	74.8125	41.9375	0.042807
1039	74.9375	41.9375	0.024117
1040	75.0625	41.9375	0.009281
1041	75.1875	41.9375	0.009720
1042	75.3125	41.9375	0.005150
1043	75.4375	41.9375	0.005952
1044	75.5625	41.9375	0.013126
1045	76.5625	41.9375	0.022606
1046	76.6875	41.9375	0.031991
1047	76.8125	41.9375	0.031573
1048	76.9375	41.9375	0.019112
1049	77.0625	41.9375	0.010176
1050	77.1875	41.9375	0.014599
1051	77.3125	41.9375	0.008020
1052	77.4375	41.9375	0.007122
1053	77.5625	41.9375	0.002931
1054	77.6875	41.9375	0.005797
1055	77.8125	41.9375	0.013405
1056	77.9375	41.9375	0.011777
1057	78.0625	41.9375	0.008886
1058	78.1875	41.9375	0.021467
1059	78.3125	41.9375	0.011266
1060	67.4375	41.8125	0.001214
1061	67.5625	41.8125	0.001754
1062	67.6875	41.8125	0.001642
1063	67.8125	41.8125	0.001159
1064	67.9375	41.8125	0.000536
1065	68.0625	41.8125	0.002669
1066	68.1875	41.8125	0.003856
1067	68.3125	41.8125	0.002877
1068	68.4375	41.8125	0.003307
1069	68.5625	41.8125	0.003329
1070	68.6875	41.8125	0.003362
1071	68.8125	41.8125	0.004090
1072	68.9375	41.8125	0.004420
1073	69.0625	41.8125	0.006375
1074	69.1875	41.8125	0.007130
1075	69.3125	41.8125	0.005720
1076	69.4375	41.8125	0.013093
1077	69.5625	41.8125	0.028723
1078	69.6875	41.8125	0.028601
1079	69.8125	41.8125	0.017767
1080	69.9375	41.8125	0.018092
1081	70.0625	41.8125	0.030780
1082	70.1875	41.8125	0.032306
1083	70.3125	41.8125	0.025680
1084	70.4375	41.8125	0.010066
1085	70.5625	41.8125	0.016145
1086	70.6875	41.8125	0.013090
1087	70.8125	41.8125	0.016547
1088	70.9375	41.8125	0.027979
1089	71.0625	41.8125	0.012881
1090	71.1875	41.8125	0.021946
1091	71.3125	41.8125	0.015503
1092	71.4375	41.8125	0.037518
1093	71.5625	41.8125	0.059707
1094	71.6875	41.8125	0.060888
1095	71.8125	41.8125	0.039138
1096	71.9375	41.8125	0.017100
1097	72.0625	41.8125	0.021464
1098	72.1875	41.8125	0.053090
1099	72.3125	41.8125	0.047945
1100	72.4375	41.8125	0.047995
1101	72.5625	41.8125	0.040158
1102	72.6875	41.8125	0.012846
1103	72.8125	41.8125	0.050644
1104	72.9375	41.8125	0.063344
1105	73.0625	41.8125	0.060448
1106	73.1875	41.8125	0.050494
1107	73.3125	41.8125	0.048119
1108	73.4375	41.8125	0.056048
1109	73.5625	41.8125	0.054500
1110	73.6875	41.8125	0.037361
1111	73.8125	41.8125	0.025103
1112	73.9375	41.8125	0.012199
1113	74.0625	41.8125	0.023942
1114	74.1875	41.8125	0.017606
1115	74.3125	41.8125	0.026555
1116	74.4375	41.8125	0.040388
1117	74.5625	41.8125	0.022664
1118	74.6875	41.8125	0.006422
1119	74.8125	41.8125	0.012975
1120	74.9375	41.8125	0.026371
1121	75.0625	41.8125	0.025405
1122	75.1875	41.8125	0.023478
1123	75.3125	41.8125	0.012906
1124	75.4375	41.8125	0.014587
1125	75.5625	41.8125	0.022516
1126	75.6875	41.8125	0.030562
1127	75.8125	41.8125	0.033443
1128	75.9375	41.8125	0.037591
1129	76.0625	41.8125	0.031465
1130	76.1875	41.8125	0.012273
1131	76.3125	41.8125	0.016212
1132	76.4375	41.8125	0.016889
1133	76.5625	41.8125	0.009367
1134	76.6875	41.8125	0.001376
1135	76.8125	41.8125	0.008502
1136	76.9375	41.8125	0.016535
1137	77.0625	41.8125	0.019713
1138	77.1875	41.8125	0.015687
1139	77.3125	41.8125	0.004065
1140	77.4375	41.8125	0.007259
1141	77.5625	41.8125	0.016946
1142	77.6875	41.8125	0.024061
1143	77.8125	41.8125	0.018653
1144	77.9375	41.8125	0.014821
1145	78.0625	41.8125	0.014797
1146	78.1875	41.8125	0.015729
1147	78.3125	41.8125	0.021744
1148	67.4375	41.6875	0.001027
1149	67.5625	41.6875	0.001539
1150	67.6875	41.6875	0.001818
1151	67.8125	41.6875	0.001637
1152	67.9375	41.6875	0.000774
1153	68.0625	41.6875	0.002140
1154	68.1875	41.6875	0.003482
1155	68.3125	41.6875	0.002957
1156	68.4375	41.6875	0.002974
1157	68.5625	41.6875	0.001894
1158	68.6875	41.6875	0.002775
1159	68.8125	41.6875	0.003349
1160	68.9375	41.6875	0.004121
1161	69.0625	41.6875	0.006300
1162	69.1875	41.6875	0.005822
1163	69.3125	41.6875	0.004833
1164	69.4375	41.6875	0.013004
1165	69.5625	41.6875	0.023039
1166	69.6875	41.6875	0.027731
1167	69.8125	41.6875	0.022452
1168	69.9375	41.6875	0.026128
1169	70.0625	41.6875	0.030272
1170	70.1875	41.6875	0.027751
1171	70.3125	41.6875	0.041203
1172	70.4375	41.6875	0.034413
1173	70.5625	41.6875	0.044271
1174	70.6875	41.6875	0.045435
1175	70.8125	41.6875	0.040849
1176	70.9375	41.6875	0.017498
1177	71.0625	41.6875	0.016129
1178	71.1875	41.6875	0.031148
1179	71.3125	41.6875	0.049281
1180	71.4375	41.6875	0.065278
1181	71.5625	41.6875	0.048358
1182	71.6875	41.6875	0.032976
1183	71.8125	41.6875	0.010450
1184	71.9375	41.6875	0.007831
1185	72.0625	41.6875	0.022801
1186	72.1875	41.6875	0.033482
1187	72.3125	41.6875	0.041249
1188	72.4375	41.6875	0.007242
1189	72.5625	41.6875	0.022411
1190	72.6875	41.6875	0.050799
1191	72.8125	41.6875	0.062903
1192	72.9375	41.6875	0.038139
1193	73.0625	41.6875	0.032919
1194	73.1875	41.6875	0.021654
1195	73.3125	41.6875	0.039628
1196	73.4375	41.6875	0.042582
1197	73.5625	41.6875	0.015383
1198	73.6875	41.6875	0.031019
1199	73.8125	41.6875	0.042210
1200	73.9375	41.6875	0.010977
1201	74.0625	41.6875	0.035207
1202	74.1875	41.6875	0.013188
1203	74.3125	41.6875	0.013469
1204	74.4375	41.6875	0.025504
1205	74.5625	41.6875	0.040139
1206	74.6875	41.6875	0.050898
1207	74.8125	41.6875	0.056702
1208	74.9375	41.6875	0.054269
1209	75.0625	41.6875	0.050300
1210	75.1875	41.6875	0.054604
1211	75.3125	41.6875	0.051562
1212	75.4375	41.6875	0.041465
1213	75.5625	41.6875	0.036563
1214	75.6875	41.6875	0.031647
1215	75.8125	41.6875	0.021529
1216	75.9375	41.6875	0.034202
1217	76.0625	41.6875	0.041110
1218	76.1875	41.6875	0.034632
1219	76.3125	41.6875	0.027789
1220	76.4375	41.6875	0.011990
1221	76.5625	41.6875	0.017241
1222	76.6875	41.6875	0.014438
1223	76.8125	41.6875	0.017097
1224	76.9375	41.6875	0.017030
1225	77.0625	41.6875	0.013670
1226	77.1875	41.6875	0.008624
1227	77.3125	41.6875	0.004770
1228	77.4375	41.6875	0.002768
1229	77.5625	41.6875	0.008006
1230	77.6875	41.6875	0.011464
1231	77.8125	41.6875	0.015497
1232	77.9375	41.6875	0.013896
1233	78.0625	41.6875	0.009639
1234	78.1875	41.6875	0.000771
1235	78.3125	41.6875	0.005083
1236	67.4375	41.5625	0.000820
1237	67.5625	41.5625	0.001239
1238	67.6875	41.5625	0.001696
1239	67.8125	41.5625	0.001998
1240	67.9375	41.5625	0.001516
1241	68.0625	41.5625	0.001476
1242	68.1875	41.5625	0.003167
1243	68.3125	41.5625	0.002850
1244	68.4375	41.5625	0.002388
1245	68.5625	41.5625	0.001744
1246	68.6875	41.5625	0.001687
1247	68.8125	41.5625	0.002507
1248	68.9375	41.5625	0.003321
1249	69.0625	41.5625	0.004458
1250	69.1875	41.5625	0.004394
1251	69.3125	41.5625	0.004953
1252	69.4375	41.5625	0.007934
1253	69.5625	41.5625	0.012934
1254	69.6875	41.5625	0.025131
1255	69.8125	41.5625	0.044161
1256	69.9375	41.5625	0.053866
1257	70.0625	41.5625	0.027000
1258	70.1875	41.5625	0.022043
1259	70.3125	41.5625	0.054660
1260	70.4375	41.5625	0.027493
1261	70.5625	41.5625	0.008043
1262	70.6875	41.5625	0.005751
1263	70.8125	41.5625	0.005067
1264	70.9375	41.5625	0.020068
1265	71.0625	41.5625	0.038014
1266	71.1875	41.5625	0.033785
1267	71.3125	41.5625	0.047018
1268	71.4375	41.5625	0.046139
1269	71.5625	41.5625	0.030822
1270	71.6875	41.5625	0.025319
1271	71.8125	41.5625	0.025415
1272	71.9375	41.5625	0.024691
1273	72.0625	41.5625	0.033016
1274	72.1875	41.5625	0.012044
1275	72.3125	41.5625	0.042766
1276	72.4375	41.5625	0.033382
1277	72.5625	41.5625	0.027530
1278	72.6875	41.5625	0.034315
1279	72.8125	41.5625	0.023760
1280	72.9375	41.5625	0.046025
1281	73.0625	41.5625	0.046821
1282	73.1875	41.5625	0.035079
1283	73.3125	41.5625	0.038011
1284	73.4375	41.5625	0.025619
1285	73.5625	41.5625	0.030289
1286	73.6875	41.5625	0.046273
1287	73.8125	41.5625	0.048295
1288	73.9375	41.5625	0.023087
1289	74.0625	41.5625	0.036658
1290	74.1875	41.5625	0.031071
1291	74.3125	41.5625	0.020051
1292	74.4375	41.5625	0.015631
1293	74.5625	41.5625	0.025595
1294	74.6875	41.5625	0.031268
1295	74.8125	41.5625	0.026461
1296	74.9375	41.5625	0.018013
1297	75.0625	41.5625	0.014967
1298	75.1875	41.5625	0.020368
1299	75.3125	41.5625	0.025978
1300	75.4375	41.5625	0.021412
1301	75.5625	41.5625	0.009907
1302	75.6875	41.5625	0.005981
1303	75.8125	41.5625	0.010532
1304	75.9375	41.5625	0.017941
1305	76.0625	41.5625	0.023336
1306	76.1875	41.5625	0.018415
1307	76.3125	41.5625	0.009992
1308	76.4375	41.5625	0.014142
1309	76.5625	41.5625	0.017895
1310	76.6875	41.5625	0.013562
1311	76.8125	41.5625	0.013586
1312	76.9375	41.5625	0.007985
1313	77.0625	41.5625	0.005711
1314	77.1875	41.5625	0.006739
1315	77.3125	41.5625	0.006207
1316	77.4375	41.5625	0.012909
1317	77.5625	41.5625	0.023361
1318	77.6875	41.5625	0.030616
1319	77.8125	41.5625	0.025602
1320	77.9375	41.5625	0.013288
1321	78.0625	41.5625	0.003438
1322	78.1875	41.5625	0.006687
1323	67.3125	41.4375	0.000256
1324	67.4375	41.4375	0.000302
1325	67.5625	41.4375	0.000739
1326	67.6875	41.4375	0.001352
1327	67.8125	41.4375	0.002359
1328	67.9375	41.4375	0.001828
1329	68.0625	41.4375	0.001156
1330	68.1875	41.4375	0.002505
1331	68.3125	41.4375	0.002527
1332	68.4375	41.4375	0.001725
1333	68.5625	41.4375	0.001288
1334	68.6875	41.4375	0.001221
1335	68.8125	41.4375	0.002171
1336	68.9375	41.4375	0.002755
1337	69.0625	41.4375	0.003293
1338	69.1875	41.4375	0.003647
1339	69.3125	41.4375	0.004687
1340	69.4375	41.4375	0.006269
1341	69.5625	41.4375	0.015449
1342	69.6875	41.4375	0.037109
1343	69.8125	41.4375	0.056656
1344	69.9375	41.4375	0.044045
1345	70.0625	41.4375	0.007460
1346	70.1875	41.4375	0.016726
1347	70.3125	41.4375	0.029734
1348	70.4375	41.4375	0.028654
1349	70.5625	41.4375	0.027896
1350	70.6875	41.4375	0.016922
1351	70.8125	41.4375	0.013862
1352	70.9375	41.4375	0.034322
1353	71.0625	41.4375	0.050024
1354	71.1875	41.4375	0.045488
1355	71.3125	41.4375	0.035085
1356	71.4375	41.4375	0.026755
1357	71.5625	41.4375	0.019587
1358	71.6875	41.4375	0.019169
1359	71.8125	41.4375	0.020968
1360	71.9375	41.4375	0.022596
1361	72.0625	41.4375	0.023561
1362	72.1875	41.4375	0.012868
1363	72.3125	41.4375	0.039472
1364	72.4375	41.4375	0.040636
1365	72.5625	41.4375	0.047467
1366	72.6875	41.4375	0.052151
1367	72.8125	41.4375	0.061298
1368	72.9375	41.4375	0.060633
1369	73.0625	41.4375	0.033709
1370	73.1875	41.4375	0.035535
1371	73.3125	41.4375	0.047164
1372	73.4375	41.4375	0.038546
1373	73.5625	41.4375	0.016341
1374	73.6875	41.4375	0.020017
1375	73.8125	41.4375	0.039095
1376	73.9375	41.4375	0.033722
1377	74.0625	41.4375	0.039546
1378	74.1875	41.4375	0.026287
1379	74.3125	41.4375	0.012089
1380	74.4375	41.4375	0.007810
1381	74.5625	41.4375	0.019668
1382	74.6875	41.4375	0.015190
1383	74.8125	41.4375	0.015626
1384	74.9375	41.4375	0.018596
1385	75.0625	41.4375	0.023918
1386	75.1875	41.4375	0.030275
1387	75.3125	41.4375	0.033651
1388	75.4375	41.4375	0.030383
1389	75.5625	41.4375	0.018876
1390	75.6875	41.4375	0.009911
1391	75.8125	41.4375	0.008023
1392	75.9375	41.4375	0.012407
1393	76.0625	41.4375	0.025687
1394	76.1875	41.4375	0.030752
1395	76.3125	41.4375	0.016927
1396	76.4375	41.4375	0.010094
1397	76.5625	41.4375	0.013179
1398	76.6875	41.4375	0.018461
1399	76.8125	41.4375	0.018095
1400	76.9375	41.4375	0.011014
1401	77.0625	41.4375	0.010204
1402	77.1875	41.4375	0.012961
1403	77.3125	41.4375	0.009010
1404	77.4375	41.4375	0.006481
1405	77.5625	41.4375	0.010882
1406	77.6875	41.4375	0.008441
1407	77.8125	41.4375	0.016482
1408	77.9375	41.4375	0.021606
1409	78.0625	41.4375	0.011670
1410	66.0625	41.3125	0.000222
1411	66.3125	41.3125	0.000465
1412	66.4375	41.3125	0.000587
1413	66.5625	41.3125	0.000763
1414	66.6875	41.3125	0.001051
1415	66.8125	41.3125	0.001323
1416	66.9375	41.3125	0.001483
1417	67.0625	41.3125	0.001476
1418	67.1875	41.3125	0.001263
1419	67.3125	41.3125	0.000902
1420	67.4375	41.3125	0.000553
1421	67.5625	41.3125	0.000463
1422	67.6875	41.3125	0.000957
1423	67.8125	41.3125	0.002257
1424	67.9375	41.3125	0.002039
1425	68.0625	41.3125	0.000392
1426	68.1875	41.3125	0.001951
1427	68.3125	41.3125	0.002955
1428	68.4375	41.3125	0.002626
1429	68.5625	41.3125	0.001974
1430	68.6875	41.3125	0.002092
1431	68.8125	41.3125	0.002206
1432	68.9375	41.3125	0.002439
1433	69.0625	41.3125	0.002866
1434	69.1875	41.3125	0.003428
1435	69.3125	41.3125	0.003954
1436	69.4375	41.3125	0.007488
1437	69.5625	41.3125	0.019598
1438	69.6875	41.3125	0.039954
1439	69.8125	41.3125	0.054129
1440	69.9375	41.3125	0.029281
1441	70.0625	41.3125	0.031086
1442	70.1875	41.3125	0.037793
1443	70.3125	41.3125	0.038388
1444	70.4375	41.3125	0.032665
1445	70.5625	41.3125	0.028172
1446	70.6875	41.3125	0.029616
1447	70.8125	41.3125	0.041871
1448	70.9375	41.3125	0.066373
1449	71.0625	41.3125	0.063625
1450	71.1875	41.3125	0.047832
1451	71.3125	41.3125	0.031064
1452	71.4375	41.3125	0.021634
1453	71.5625	41.3125	0.016559
1454	71.6875	41.3125	0.014983
1455	71.8125	41.3125	0.015082
1456	71.9375	41.3125	0.017792
1457	72.0625	41.3125	0.017056
1458	72.1875	41.3125	0.019090
1459	72.3125	41.3125	0.028706
1460	72.4375	41.3125	0.030227
1461	72.5625	41.3125	0.040832
1462	72.6875	41.3125	0.047537
1463	72.8125	41.3125	0.041214
1464	72.9375	41.3125	0.025621
1465	73.0625	41.3125	0.020084
1466	73.1875	41.3125	0.025804
1467	73.3125	41.3125	0.028204
1468	73.4375	41.3125	0.028050
1469	73.5625	41.3125	0.024875
1470	73.6875	41.3125	0.013993
1471	73.8125	41.3125	0.024218
1472	73.9375	41.3125	0.039493
1473	74.0625	41.3125	0.032219
1474	74.1875	41.3125	0.020218
1475	74.3125	41.3125	0.005247
1476	74.4375	41.3125	0.003987
1477	74.5625	41.3125	0.020159
1478	74.6875	41.3125	0.035393
1479	74.8125	41.3125	0.038415
1480	74.9375	41.3125	0.038033
1481	75.0625	41.3125	0.042198
1482	75.1875	41.3125	0.043072
1483	75.3125	41.3125	0.032604
1484	75.4375	41.3125	0.014263
1485	75.5625	41.3125	0.015735
1486	75.6875	41.3125	0.007569
1487	75.8125	41.3125	0.025653
1488	75.9375	41.3125	0.038150
1489	76.0625	41.3125	0.043148
1490	76.1875	41.3125	0.034768
1491	76.3125	41.3125	0.011549
1492	76.4375	41.3125	0.005049
1493	76.5625	41.3125	0.012724
1494	76.6875	41.3125	0.018732
1495	76.8125	41.3125	0.013222
1496	76.9375	41.3125	0.008893
1497	77.0625	41.3125	0.011285
1498	77.1875	41.3125	0.013730
1499	77.3125	41.3125	0.014469
1500	77.4375	41.3125	0.016147
1501	77.5625	41.3125	0.010085
1502	77.6875	41.3125	0.004777
1503	77.8125	41.3125	0.011811
1504	65.6875	41.1875	0.000949
1505	65.8125	41.1875	0.001372
1506	65.9375	41.1875	0.001365
1507	66.0625	41.1875	0.000912
1508	66.1875	41.1875	0.000653
1509	66.3125	41.1875	0.000585
1510	66.4375	41.1875	0.000664
1511	66.5625	41.1875	0.000857
1512	66.6875	41.1875	0.001095
1513	66.8125	41.1875	0.001402
1514	66.9375	41.1875	0.001760
1515	67.0625	41.1875	0.002054
1516	67.1875	41.1875	0.002137
1517	67.3125	41.1875	0.001910
1518	67.4375	41.1875	0.001487
1519	67.5625	41.1875	0.001162
1520	67.6875	41.1875	0.001230
1521	67.8125	41.1875	0.001835
1522	67.9375	41.1875	0.001674
1523	68.0625	41.1875	0.000580
1524	68.1875	41.1875	0.000585
1525	68.3125	41.1875	0.000960
1526	68.4375	41.1875	0.001384
1527	68.5625	41.1875	0.001884
1528	68.6875	41.1875	0.002658
1529	68.8125	41.1875	0.002749
1530	68.9375	41.1875	0.002579
1531	69.0625	41.1875	0.002514
1532	69.1875	41.1875	0.002869
1533	69.3125	41.1875	0.003738
1534	69.4375	41.1875	0.008126
1535	69.5625	41.1875	0.019876
1536	69.6875	41.1875	0.034112
1537	69.8125	41.1875	0.041262
1538	69.9375	41.1875	0.036257
1539	70.0625	41.1875	0.037648
1540	70.1875	41.1875	0.037232
1541	70.3125	41.1875	0.017032
1542	70.4375	41.1875	0.007884
1543	70.5625	41.1875	0.029047
1544	70.6875	41.1875	0.054099
1545	70.8125	41.1875	0.064076
1546	70.9375	41.1875	0.065214
1547	71.0625	41.1875	0.043838
1548	71.1875	41.1875	0.030391
1549	71.3125	41.1875	0.022420
1550	71.4375	41.1875	0.017833
1551	71.5625	41.1875	0.015244
1552	71.6875	41.1875	0.013818
1553	71.8125	41.1875	0.012663
1554	71.9375	41.1875	0.010811
1555	72.0625	41.1875	0.007610
1556	72.1875	41.1875	0.013351
1557	72.3125	41.1875	0.018443
1558	72.4375	41.1875	0.020583
1559	72.5625	41.1875	0.022139
1560	72.6875	41.1875	0.019733
1561	72.8125	41.1875	0.017583
1562	72.9375	41.1875	0.017502
1563	73.0625	41.1875	0.019357
1564	73.1875	41.1875	0.029992
1565	73.3125	41.1875	0.021798
1566	73.4375	41.1875	0.018125
1567	73.5625	41.1875	0.025662
1568	73.6875	41.1875	0.032969
1569	73.8125	41.1875	0.029729
1570	73.9375	41.1875	0.018854
1571	74.0625	41.1875	0.014740
1572	74.1875	41.1875	0.032527
1573	74.3125	41.1875	0.032156
1574	74.4375	41.1875	0.051564
1575	74.5625	41.1875	0.056497
1576	74.6875	41.1875	0.053555
1577	74.8125	41.1875	0.050990
1578	74.9375	41.1875	0.047576
1579	75.0625	41.1875	0.036143
1580	75.1875	41.1875	0.020148
1581	75.3125	41.1875	0.017768
1582	75.4375	41.1875	0.021022
1583	75.5625	41.1875	0.035960
1584	75.6875	41.1875	0.060292
1585	75.8125	41.1875	0.065243
1586	75.9375	41.1875	0.054721
1587	76.0625	41.1875	0.038076
1588	76.1875	41.1875	0.017940
1589	76.3125	41.1875	0.010611
1590	76.4375	41.1875	0.006733
1591	76.5625	41.1875	0.012116
1592	76.6875	41.1875	0.018703
1593	76.8125	41.1875	0.011822
1594	76.9375	41.1875	0.012880
1595	77.0625	41.1875	0.015225
1596	77.1875	41.1875	0.018152
1597	77.3125	41.1875	0.019440
1598	77.4375	41.1875	0.010247
1599	65.6875	41.0625	0.002772
1600	65.8125	41.0625	0.003080
1601	65.9375	41.0625	0.003330
1602	66.0625	41.0625	0.002410
1603	66.1875	41.0625	0.001667
1604	66.3125	41.0625	0.001526
1605	66.4375	41.0625	0.001332
1606	66.5625	41.0625	0.001025
1607	66.6875	41.0625	0.000831
1608	66.8125	41.0625	0.000500
1609	66.9375	41.0625	0.000393
1610	67.0625	41.0625	0.001046
1611	67.1875	41.0625	0.001624
1612	67.3125	41.0625	0.002000
1613	67.4375	41.0625	0.002073
1614	67.5625	41.0625	0.001895
1615	67.6875	41.0625	0.001639
1616	67.8125	41.0625	0.001439
1617	67.9375	41.0625	0.000629
1618	68.0625	41.0625	0.000600
1619	68.1875	41.0625	0.001060
1620	68.3125	41.0625	0.001142
1621	68.4375	41.0625	0.000873
1622	68.5625	41.0625	0.000370
1623	68.6875	41.0625	0.001388
1624	68.8125	41.0625	0.002283
1625	68.9375	41.0625	0.002322
1626	69.0625	41.0625	0.002722
1627	69.1875	41.0625	0.003649
1628	69.3125	41.0625	0.004507
1629	69.4375	41.0625	0.008374
1630	69.5625	41.0625	0.016191
1631	69.6875	41.0625	0.022398
1632	69.8125	41.0625	0.020578
1633	69.9375	41.0625	0.011659
1634	70.0625	41.0625	0.024384
1635	70.1875	41.0625	0.048675
1636	70.3125	41.0625	0.025473
1637	70.4375	41.0625	0.028457
1638	70.5625	41.0625	0.048437
1639	70.6875	41.0625	0.047364
1640	70.8125	41.0625	0.047746
1641	70.9375	41.0625	0.042198
1642	71.0625	41.0625	0.026233
1643	71.1875	41.0625	0.016503
1644	71.3125	41.0625	0.013511
1645	71.4375	41.0625	0.011572
1646	71.5625	41.0625	0.009259
1647	71.6875	41.0625	0.006780
1648	71.8125	41.0625	0.004138
1649	71.9375	41.0625	0.002246
1650	72.0625	41.0625	0.002455
1651	72.1875	41.0625	0.005828
1652	72.3125	41.0625	0.008001
1653	72.4375	41.0625	0.006493
1654	72.5625	41.0625	0.007087
1655	72.6875	41.0625	0.008962
1656	72.8125	41.0625	0.009380
1657	72.9375	41.0625	0.010667
1658	73.0625	41.0625	0.019645
1659	73.1875	41.0625	0.027535
1660	73.3125	41.0625	0.029211
1661	73.4375	41.0625	0.030389
1662	73.5625	41.0625	0.028301
1663	73.6875	41.0625	0.030395
1664	73.8125	41.0625	0.035644
1665	73.9375	41.0625	0.029189
1666	74.0625	41.0625	0.010926
1667	74.1875	41.0625	0.017736
1668	74.3125	41.0625	0.027228
1669	74.4375	41.0625	0.027388
1670	74.5625	41.0625	0.013534
1671	74.6875	41.0625	0.002403
1672	74.8125	41.0625	0.005847
1673	74.9375	41.0625	0.008485
1674	75.0625	41.0625	0.010459
1675	75.1875	41.0625	0.008220
1676	75.3125	41.0625	0.018744
1677	75.4375	41.0625	0.036073
1678	75.5625	41.0625	0.050413
1679	75.6875	41.0625	0.041958
1680	75.8125	41.0625	0.020654
1681	75.9375	41.0625	0.005453
1682	76.0625	41.0625	0.014195
1683	76.1875	41.0625	0.016921
1684	76.3125	41.0625	0.008929
1685	76.4375	41.0625	0.006273
1686	65.6875	40.9375	0.005033
1687	65.8125	40.9375	0.007433
1688	65.9375	40.9375	0.012213
1689	66.0625	40.9375	0.017401
1690	66.1875	40.9375	0.019763
1691	66.3125	40.9375	0.018241
1692	66.4375	40.9375	0.015441
1693	66.5625	40.9375	0.012661
1694	66.6875	40.9375	0.008807
1695	66.8125	40.9375	0.005546
1696	66.9375	40.9375	0.003411
1697	67.0625	40.9375	0.001509
1698	67.1875	40.9375	0.000572
1699	67.3125	40.9375	0.000361
1700	67.4375	40.9375	0.001114
1701	67.5625	40.9375	0.001263
1702	67.6875	40.9375	0.000820
1703	67.8125	40.9375	0.000148
1704	67.9375	40.9375	0.000421
1705	68.0625	40.9375	0.000665
1706	68.1875	40.9375	0.000469
1707	68.3125	40.9375	0.000155
1708	68.4375	40.9375	0.000292
1709	68.5625	40.9375	0.000496
1710	68.6875	40.9375	0.000348
1711	68.8125	40.9375	0.000958
1712	68.9375	40.9375	0.002019
1713	69.0625	40.9375	0.003163
1714	69.1875	40.9375	0.004128
1715	69.3125	40.9375	0.008061
1716	69.4375	40.9375	0.017565
1717	69.5625	40.9375	0.027791
1718	69.6875	40.9375	0.035834
1719	69.8125	40.9375	0.038497
1720	69.9375	40.9375	0.041790
1721	70.0625	40.9375	0.036843
1722	70.1875	40.9375	0.018771
1723	70.3125	40.9375	0.034432
1724	70.4375	40.9375	0.063114
1725	70.5625	40.9375	0.052797
1726	70.6875	40.9375	0.033469
1727	70.8125	40.9375	0.023864
1728	70.9375	40.9375	0.017515
1729	71.0625	40.9375	0.010664
1730	71.1875	40.9375	0.006719
1731	71.3125	40.9375	0.004782
1732	71.4375	40.9375	0.002926
1733	71.5625	40.9375	0.001262
1734	71.6875	40.9375	0.000557
1735	71.8125	40.9375	0.001164
1736	71.9375	40.9375	0.001203
1737	72.0625	40.9375	0.001335
1738	72.1875	40.9375	0.003057
1739	72.3125	40.9375	0.006175
1740	72.4375	40.9375	0.008040
1741	72.5625	40.9375	0.006196
1742	72.6875	40.9375	0.004367
1743	72.8125	40.9375	0.004393
1744	72.9375	40.9375	0.008580
1745	73.0625	40.9375	0.014829
1746	73.1875	40.9375	0.013839
1747	73.3125	40.9375	0.010219
1748	73.4375	40.9375	0.018648
1749	73.5625	40.9375	0.031695
1750	73.6875	40.9375	0.040239
1751	73.8125	40.9375	0.034458
1752	73.9375	40.9375	0.022991
1753	74.0625	40.9375	0.019504
1754	74.1875	40.9375	0.015735
1755	74.3125	40.9375	0.014421
1756	74.4375	40.9375	0.007382
1757	74.5625	40.9375	0.007672
1758	74.6875	40.9375	0.016320
1759	74.8125	40.9375	0.018368
1760	74.9375	40.9375	0.013458
1761	75.0625	40.9375	0.004925
1762	75.1875	40.9375	0.018669
1763	75.3125	40.9375	0.022933
1764	75.4375	40.9375	0.021792
1765	75.5625	40.9375	0.013874
1766	75.6875	40.9375	0.007657
1767	75.8125	40.9375	0.016768
1768	65.6875	40.8125	0.006558
1769	65.8125	40.8125	0.008027
1770	65.9375	40.8125	0.012284
1771	66.0625	40.8125	0.016300
1772	66.1875	40.8125	0.019071
1773	66.3125	40.8125	0.023777
1774	66.4375	40.8125	0.031750
1775	66.5625	40.8125	0.037675
1776	66.6875	40.8125	0.035084
1777	66.8125	40.8125	0.024344
1778	66.9375	40.8125	0.014745
1779	67.0625	40.8125	0.006810
1780	67.1875	40.8125	0.003384
1781	67.3125	40.8125	0.002133
1782	67.4375	40.8125	0.000972
1783	67.5625	40.8125	0.000430
1784	67.6875	40.8125	0.000882
1785	67.8125	40.8125	0.000718
1786	67.9375	40.8125	0.000718
1787	68.0625	40.8125	0.000589
1788	68.1875	40.8125	0.000361
1789	68.3125	40.8125	0.000122
1790	68.4375	40.8125	0.000047
1791	68.5625	40.8125	0.000034
1792	68.6875	40.8125	0.000291
1793	68.8125	40.8125	0.000425
1794	68.9375	40.8125	0.001158
1795	69.0625	40.8125	0.002825
1796	69.1875	40.8125	0.004564
1797	69.3125	40.8125	0.015207
1798	69.4375	40.8125	0.030230
1799	69.5625	40.8125	0.033221
1800	69.6875	40.8125	0.034179
1801	69.8125	40.8125	0.023720
1802	69.9375	40.8125	0.009149
1803	70.0625	40.8125	0.019390
1804	70.1875	40.8125	0.050186
1805	70.3125	40.8125	0.061767
1806	70.4375	40.8125	0.054046
1807	70.5625	40.8125	0.033739
1808	70.6875	40.8125	0.015709
1809	70.8125	40.8125	0.007251
1810	70.9375	40.8125	0.002850
1811	71.0625	40.8125	0.000873
1812	71.1875	40.8125	0.000889
1813	71.3125	40.8125	0.000880
1814	71.4375	40.8125	0.001324
1815	71.5625	40.8125	0.001704
1816	71.6875	40.8125	0.001930
1817	71.8125	40.8125	0.001708
1818	71.9375	40.8125	0.001735
1819	72.0625	40.8125	0.003067
1820	72.1875	40.8125	0.005537
1821	72.3125	40.8125	0.007607
1822	72.4375	40.8125	0.009012
1823	72.5625	40.8125	0.009055
1824	72.6875	40.8125	0.010130
1825	72.8125	40.8125	0.012111
1826	72.9375	40.8125	0.016477
1827	73.0625	40.8125	0.019326
1828	73.1875	40.8125	0.029616
1829	73.3125	40.8125	0.030877
1830	73.4375	40.8125	0.024133
1831	73.5625	40.8125	0.026700
1832	73.6875	40.8125	0.038400
1833	73.8125	40.8125	0.038898
1834	73.9375	40.8125	0.025886
1835	74.0625	40.8125	0.015948
1836	74.1875	40.8125	0.021545
1837	74.3125	40.8125	0.021499
1838	74.4375	40.8125	0.019818
1839	74.5625	40.8125	0.031512
1840	74.6875	40.8125	0.031844
1841	74.8125	40.8125	0.023596
1842	74.9375	40.8125	0.018341
1843	75.0625	40.8125	0.021623
1844	75.1875	40.8125	0.012974
1845	75.3125	40.8125	0.004429
1846	75.4375	40.8125	0.004042
1847	75.5625	40.8125	0.005346
1848	65.8125	40.6875	0.018061
1849	65.9375	40.6875	0.015537
1850	66.0625	40.6875	0.006815
1851	66.1875	40.6875	0.004072
1852	66.3125	40.6875	0.009864
1853	66.4375	40.6875	0.023970
1854	66.5625	40.6875	0.027613
1855	66.6875	40.6875	0.039133
1856	66.8125	40.6875	0.041032
1857	66.9375	40.6875	0.037073
1858	67.0625	40.6875	0.025880
1859	67.1875	40.6875	0.013049
1860	67.3125	40.6875	0.008181
1861	67.4375	40.6875	0.006425
1862	67.5625	40.6875	0.003483
1863	67.6875	40.6875	0.001296
1864	67.8125	40.6875	0.000904
1865	67.9375	40.6875	0.000829
1866	68.0625	40.6875	0.000735
1867	68.1875	40.6875	0.000682
1868	68.3125	40.6875	0.000590
1869	68.4375	40.6875	0.000441
1870	68.5625	40.6875	0.000086
1871	68.6875	40.6875	0.000373
1872	68.8125	40.6875	0.000441
1873	68.9375	40.6875	0.000312
1874	69.0625	40.6875	0.001285
1875	69.1875	40.6875	0.004025
1876	69.3125	40.6875	0.018123
1877	69.4375	40.6875	0.033263
1878	69.5625	40.6875	0.027547
1879	69.6875	40.6875	0.032471
1880	69.8125	40.6875	0.034499
1881	69.9375	40.6875	0.039496
1882	70.0625	40.6875	0.047481
1883	70.1875	40.6875	0.048230
1884	70.3125	40.6875	0.031328
1885	70.4375	40.6875	0.018348
1886	70.5625	40.6875	0.008725
1887	70.6875	40.6875	0.001502
1888	70.8125	40.6875	0.002459
1889	70.9375	40.6875	0.004123
1890	71.0625	40.6875	0.004054
1891	71.1875	40.6875	0.003064
1892	71.3125	40.6875	0.001651
1893	71.4375	40.6875	0.002097
1894	71.5625	40.6875	0.003065
1895	71.6875	40.6875	0.004038
1896	71.8125	40.6875	0.004842
1897	71.9375	40.6875	0.005961
1898	72.0625	40.6875	0.007899
1899	72.1875	40.6875	0.010402
1900	72.3125	40.6875	0.012711
1901	72.4375	40.6875	0.015368
1902	72.5625	40.6875	0.016529
1903	72.6875	40.6875	0.016713
1904	72.8125	40.6875	0.020612
1905	72.9375	40.6875	0.027458
1906	73.0625	40.6875	0.030301
1907	73.1875	40.6875	0.034859
1908	73.3125	40.6875	0.029790
1909	73.4375	40.6875	0.028991
1910	73.5625	40.6875	0.027475
1911	73.6875	40.6875	0.032613
1912	73.8125	40.6875	0.040040
1913	73.9375	40.6875	0.020704
1914	74.0625	40.6875	0.013756
1915	74.1875	40.6875	0.028481
1916	74.3125	40.6875	0.033302
1917	74.4375	40.6875	0.019941
1918	74.5625	40.6875	0.010130
1919	74.6875	40.6875	0.018998
1920	74.8125	40.6875	0.024410
1921	74.9375	40.6875	0.022159
1922	75.0625	40.6875	0.018328
1923	75.1875	40.6875	0.006534
1924	75.3125	40.6875	0.007002
1925	66.0625	40.5625	0.010814
1926	66.3125	40.5625	0.013909
1927	66.4375	40.5625	0.019523
1928	66.5625	40.5625	0.015519
1929	66.6875	40.5625	0.012989
1930	66.8125	40.5625	0.012600
1931	66.9375	40.5625	0.021480
1932	67.0625	40.5625	0.028605
1933	67.1875	40.5625	0.029010
1934	67.3125	40.5625	0.028761
1935	67.4375	40.5625	0.022874
1936	67.5625	40.5625	0.012016
1937	67.6875	40.5625	0.003518
1938	67.8125	40.5625	0.001629
1939	67.9375	40.5625	0.001446
1940	68.0625	40.5625	0.001215
1941	68.1875	40.5625	0.001081
1942	68.3125	40.5625	0.001089
1943	68.4375	40.5625	0.001211
1944	68.5625	40.5625	0.001085
1945	68.6875	40.5625	0.000966
1946	68.8125	40.5625	0.001046
1947	68.9375	40.5625	0.001020
1948	69.0625	40.5625	0.000731
1949	69.1875	40.5625	0.002493
1950	69.3125	40.5625	0.015187
1951	69.4375	40.5625	0.025434
1952	69.5625	40.5625	0.019277
1953	69.6875	40.5625	0.031255
1954	69.8125	40.5625	0.039745
1955	69.9375	40.5625	0.038183
1956	70.0625	40.5625	0.033435
1957	70.1875	40.5625	0.025162
1958	70.3125	40.5625	0.010708
1959	70.4375	40.5625	0.000765
1960	70.5625	40.5625	0.006201
1961	70.6875	40.5625	0.008917
1962	70.8125	40.5625	0.010347
1963	70.9375	40.5625	0.011221
1964	71.0625	40.5625	0.010527
1965	71.1875	40.5625	0.008888
1966	71.3125	40.5625	0.006223
1967	71.4375	40.5625	0.006818
1968	71.5625	40.5625	0.008388
1969	71.6875	40.5625	0.008681
1970	71.8125	40.5625	0.009175
1971	71.9375	40.5625	0.012048
1972	72.0625	40.5625	0.016083
1973	72.1875	40.5625	0.020917
1974	72.3125	40.5625	0.025620
1975	72.4375	40.5625	0.025273
1976	72.5625	40.5625	0.020979
1977	72.6875	40.5625	0.021524
1978	72.8125	40.5625	0.024098
1979	72.9375	40.5625	0.026914
1980	73.0625	40.5625	0.027461
1981	73.1875	40.5625	0.023630
1982	73.3125	40.5625	0.014122
1983	73.4375	40.5625	0.005385
1984	73.5625	40.5625	0.019556
1985	73.6875	40.5625	0.042412
1986	73.8125	40.5625	0.045386
1987	73.9375	40.5625	0.021679
1988	74.0625	40.5625	0.015618
1989	74.1875	40.5625	0.021214
1990	74.3125	40.5625	0.042875
1991	74.4375	40.5625	0.042557
1992	74.5625	40.5625	0.029811
1993	74.6875	40.5625	0.012601
1994	74.8125	40.5625	0.004608
1995	74.9375	40.5625	0.006040
1996	75.0625	40.5625	0.004049
1997	75.1875	40.5625	0.015900
1998	66.5625	40.4375	0.019116
1999	66.6875	40.4375	0.024137
2000	66.8125	40.4375	0.021848
2001	66.9375	40.4375	0.014706
2002	67.0625	40.4375	0.004085
2003	67.1875	40.4375	0.011231
2004	67.3125	40.4375	0.019901
2005	67.4375	40.4375	0.030014
2006	67.5625	40.4375	0.024095
2007	67.6875	40.4375	0.010766
2008	67.8125	40.4375	0.003600
2009	67.9375	40.4375	0.002212
2010	68.0625	40.4375	0.002120
2011	68.1875	40.4375	0.002352
2012	68.3125	40.4375	0.002632
2013	68.4375	40.4375	0.002900
2014	68.5625	40.4375	0.003192
2015	68.6875	40.4375	0.003578
2016	68.8125	40.4375	0.004270
2017	68.9375	40.4375	0.004886
2018	69.0625	40.4375	0.005037
2019	69.1875	40.4375	0.003793
2020	69.3125	40.4375	0.011239
2021	69.4375	40.4375	0.015544
2022	69.5625	40.4375	0.009392
2023	69.6875	40.4375	0.012201
2024	69.8125	40.4375	0.012228
2025	69.9375	40.4375	0.009785
2026	70.0625	40.4375	0.005852
2027	70.1875	40.4375	0.006559
2028	70.3125	40.4375	0.016033
2029	70.4375	40.4375	0.019759
2030	70.5625	40.4375	0.019005
2031	70.6875	40.4375	0.017692
2032	70.8125	40.4375	0.017079
2033	70.9375	40.4375	0.016827
2034	71.0625	40.4375	0.017789
2035	71.1875	40.4375	0.020682
2036	71.3125	40.4375	0.021693
2037	71.4375	40.4375	0.020447
2038	71.5625	40.4375	0.017919
2039	71.6875	40.4375	0.015829
2040	71.8125	40.4375	0.017352
2041	71.9375	40.4375	0.021707
2042	72.0625	40.4375	0.026354
2043	72.1875	40.4375	0.034502
2044	72.3125	40.4375	0.041487
2045	72.4375	40.4375	0.040727
2046	72.5625	40.4375	0.036403
2047	72.6875	40.4375	0.032490
2048	72.8125	40.4375	0.032595
2049	72.9375	40.4375	0.037467
2050	73.0625	40.4375	0.039027
2051	73.1875	40.4375	0.033210
2052	73.3125	40.4375	0.024247
2053	73.4375	40.4375	0.010888
2054	73.5625	40.4375	0.029385
2055	73.6875	40.4375	0.049657
2056	73.8125	40.4375	0.041087
2057	73.9375	40.4375	0.031432
2058	74.0625	40.4375	0.043021
2059	74.1875	40.4375	0.027918
2060	74.3125	40.4375	0.019880
2061	74.4375	40.4375	0.031218
2062	74.5625	40.4375	0.027428
2063	74.6875	40.4375	0.023795
2064	74.8125	40.4375	0.009104
2065	74.9375	40.4375	0.010993
2066	75.0625	40.4375	0.020864
2067	75.1875	40.4375	0.024919
2068	67.0625	40.3125	0.009084
2069	67.1875	40.3125	0.014577
2070	67.3125	40.3125	0.011157
2071	67.4375	40.3125	0.017393
2072	67.5625	40.3125	0.020305
2073	67.6875	40.3125	0.015582
2074	67.8125	40.3125	0.009441
2075	67.9375	40.3125	0.004207
2076	68.0625	40.3125	0.003095
2077	68.1875	40.3125	0.004090
2078	68.3125	40.3125	0.005097
2079	68.4375	40.3125	0.005870
2080	68.5625	40.3125	0.007030
2081	68.6875	40.3125	0.009144
2082	68.8125	40.3125	0.011313
2083	68.9375	40.3125	0.012703
2084	69.0625	40.3125	0.013511
2085	69.1875	40.3125	0.013250
2086	69.3125	40.3125	0.010703
2087	69.4375	40.3125	0.008084
2088	69.5625	40.3125	0.005500
2089	69.6875	40.3125	0.013588
2090	69.8125	40.3125	0.021859
2091	69.9375	40.3125	0.028841
2092	70.0625	40.3125	0.035618
2093	70.1875	40.3125	0.043423
2094	70.3125	40.3125	0.044283
2095	70.4375	40.3125	0.035456
2096	70.5625	40.3125	0.023227
2097	70.6875	40.3125	0.017008
2098	70.8125	40.3125	0.017098
2099	70.9375	40.3125	0.019832
2100	71.0625	40.3125	0.024806
2101	71.1875	40.3125	0.037783
2102	71.3125	40.3125	0.050407
2103	71.4375	40.3125	0.053422
2104	71.5625	40.3125	0.045285
2105	71.6875	40.3125	0.035197
2106	71.8125	40.3125	0.037919
2107	71.9375	40.3125	0.038480
2108	72.0625	40.3125	0.039619
2109	72.1875	40.3125	0.054559
2110	72.3125	40.3125	0.058187
2111	72.4375	40.3125	0.053301
2112	72.5625	40.3125	0.058297
2113	72.6875	40.3125	0.066937
2114	72.8125	40.3125	0.057594
2115	72.9375	40.3125	0.044843
2116	73.0625	40.3125	0.046063
2117	73.1875	40.3125	0.043125
2118	73.3125	40.3125	0.043904
2119	73.4375	40.3125	0.038484
2120	73.5625	40.3125	0.036301
2121	73.6875	40.3125	0.058639
2122	73.8125	40.3125	0.042831
2123	73.9375	40.3125	0.026043
2124	74.0625	40.3125	0.040509
2125	74.1875	40.3125	0.044176
2126	74.3125	40.3125	0.036743
2127	74.4375	40.3125	0.031471
2128	74.5625	40.3125	0.013978
2129	74.6875	40.3125	0.024417
2130	74.8125	40.3125	0.019914
2131	74.9375	40.3125	0.016033
2132	67.4375	40.1875	0.011982
2133	67.5625	40.1875	0.007022
2134	67.6875	40.1875	0.013837
2135	67.8125	40.1875	0.021783
2136	67.9375	40.1875	0.018263
2137	68.0625	40.1875	0.011810
2138	68.1875	40.1875	0.010333
2139	68.3125	40.1875	0.011541
2140	68.4375	40.1875	0.012672
2141	68.5625	40.1875	0.014495
2142	68.6875	40.1875	0.017528
2143	68.8125	40.1875	0.018616
2144	68.9375	40.1875	0.018703
2145	69.0625	40.1875	0.020057
2146	69.1875	40.1875	0.022686
2147	69.3125	40.1875	0.025243
2148	69.4375	40.1875	0.028653
2149	69.5625	40.1875	0.034136
2150	69.6875	40.1875	0.036261
2151	69.8125	40.1875	0.035130
2152	69.9375	40.1875	0.039899
2153	70.0625	40.1875	0.044549
2154	70.1875	40.1875	0.041636
2155	70.3125	40.1875	0.031167
2156	70.4375	40.1875	0.028511
2157	70.5625	40.1875	0.025559
2158	70.6875	40.1875	0.029434
2159	70.8125	40.1875	0.030123
2160	70.9375	40.1875	0.024593
2161	71.0625	40.1875	0.020750
2162	71.1875	40.1875	0.034664
2163	71.3125	40.1875	0.042512
2164	71.4375	40.1875	0.051069
2165	71.5625	40.1875	0.062025
2166	71.6875	40.1875	0.060272
2167	71.8125	40.1875	0.060967
2168	71.9375	40.1875	0.057324
2169	72.0625	40.1875	0.049735
2170	72.1875	40.1875	0.063487
2171	72.3125	40.1875	0.063691
2172	72.4375	40.1875	0.064184
2173	72.5625	40.1875	0.069598
2174	72.6875	40.1875	0.062604
2175	72.8125	40.1875	0.051759
2176	72.9375	40.1875	0.024099
2177	73.0625	40.1875	0.038198
2178	73.1875	40.1875	0.028998
2179	73.3125	40.1875	0.034411
2180	73.4375	40.1875	0.029177
2181	73.5625	40.1875	0.040935
2182	73.6875	40.1875	0.053173
2183	73.8125	40.1875	0.027620
2184	73.9375	40.1875	0.001945
2185	74.0625	40.1875	0.019497
2186	74.1875	40.1875	0.019925
2187	74.3125	40.1875	0.009215
2188	74.4375	40.1875	0.013112
2189	74.5625	40.1875	0.006694
2190	67.3125	40.0625	0.005916
2191	67.4375	40.0625	0.012120
2192	67.5625	40.0625	0.008252
2193	67.6875	40.0625	0.016877
2194	67.8125	40.0625	0.025368
2195	67.9375	40.0625	0.038472
2196	68.0625	40.0625	0.040785
2197	68.1875	40.0625	0.031996
2198	68.3125	40.0625	0.024728
2199	68.4375	40.0625	0.026930
2200	68.5625	40.0625	0.030950
2201	68.6875	40.0625	0.030024
2202	68.8125	40.0625	0.026115
2203	68.9375	40.0625	0.023608
2204	69.0625	40.0625	0.023896
2205	69.1875	40.0625	0.025491
2206	69.3125	40.0625	0.027057
2207	69.4375	40.0625	0.030148
2208	69.5625	40.0625	0.034588
2209	69.6875	40.0625	0.031716
2210	69.8125	40.0625	0.026602
2211	69.9375	40.0625	0.024763
2212	70.0625	40.0625	0.031867
2213	70.1875	40.0625	0.031262
2214	70.3125	40.0625	0.036391
2215	70.4375	40.0625	0.036832
2216	70.5625	40.0625	0.033888
2217	70.6875	40.0625	0.047060
2218	70.8125	40.0625	0.054310
2219	70.9375	40.0625	0.048826
2220	71.0625	40.0625	0.036737
2221	71.1875	40.0625	0.057659
2222	71.3125	40.0625	0.060859
2223	71.4375	40.0625	0.052919
2224	71.5625	40.0625	0.060880
2225	71.6875	40.0625	0.078852
2226	71.8125	40.0625	0.081452
2227	71.9375	40.0625	0.065351
2228	72.0625	40.0625	0.047952
2229	72.1875	40.0625	0.062641
2230	72.3125	40.0625	0.061481
2231	72.4375	40.0625	0.048800
2232	72.5625	40.0625	0.041633
2233	72.6875	40.0625	0.033482
2234	72.8125	40.0625	0.047635
2235	72.9375	40.0625	0.040460
2236	73.0625	40.0625	0.035796
2237	73.1875	40.0625	0.008396
2238	73.3125	40.0625	0.028801
2239	73.4375	40.0625	0.019930
2240	73.5625	40.0625	0.045165
2241	73.6875	40.0625	0.022046
2242	73.8125	40.0625	0.009472
2243	73.9375	40.0625	0.027400
2244	74.0625	40.0625	0.037016
2245	74.1875	40.0625	0.031048
2246	74.3125	40.0625	0.026027
2247	74.4375	40.0625	0.027186
2248	67.3125	39.9375	0.008019
2249	67.4375	39.9375	0.001726
2250	67.5625	39.9375	0.022926
2251	67.6875	39.9375	0.037335
2252	67.8125	39.9375	0.036330
2253	67.9375	39.9375	0.033983
2254	68.0625	39.9375	0.038019
2255	68.1875	39.9375	0.044946
2256	68.3125	39.9375	0.045028
2257	68.4375	39.9375	0.047124
2258	68.5625	39.9375	0.051700
2259	68.6875	39.9375	0.048623
2260	68.8125	39.9375	0.041230
2261	68.9375	39.9375	0.037318
2262	69.0625	39.9375	0.037250
2263	69.1875	39.9375	0.036743
2264	69.3125	39.9375	0.038398
2265	69.4375	39.9375	0.046183
2266	69.5625	39.9375	0.050964
2267	69.6875	39.9375	0.051562
2268	69.8125	39.9375	0.053551
2269	69.9375	39.9375	0.048808
2270	70.0625	39.9375	0.055334
2271	70.1875	39.9375	0.050819
2272	70.3125	39.9375	0.052006
2273	70.4375	39.9375	0.062821
2274	70.5625	39.9375	0.072567
2275	70.6875	39.9375	0.066406
2276	70.8125	39.9375	0.048562
2277	70.9375	39.9375	0.047357
2278	71.0625	39.9375	0.057700
2279	71.1875	39.9375	0.078367
2280	71.3125	39.9375	0.068860
2281	71.4375	39.9375	0.056145
2282	71.5625	39.9375	0.053341
2283	71.6875	39.9375	0.051490
2284	71.8125	39.9375	0.045174
2285	71.9375	39.9375	0.047726
2286	72.0625	39.9375	0.041943
2287	72.1875	39.9375	0.046982
2288	72.3125	39.9375	0.030769
2289	72.4375	39.9375	0.014216
2290	72.5625	39.9375	0.017951
2291	72.6875	39.9375	0.023654
2292	72.8125	39.9375	0.018710
2293	72.9375	39.9375	0.007065
2294	73.0625	39.9375	0.001293
2295	73.1875	39.9375	0.015026
2296	73.3125	39.9375	0.010990
2297	73.4375	39.9375	0.021307
2298	73.5625	39.9375	0.021630
2299	73.6875	39.9375	0.009289
2300	67.4375	39.8125	0.016356
2301	67.5625	39.8125	0.037297
2302	67.6875	39.8125	0.035255
2303	67.8125	39.8125	0.021402
2304	67.9375	39.8125	0.021204
2305	68.0625	39.8125	0.031247
2306	68.1875	39.8125	0.046379
2307	68.3125	39.8125	0.056740
2308	68.4375	39.8125	0.061186
2309	68.5625	39.8125	0.061268
2310	68.6875	39.8125	0.061194
2311	68.8125	39.8125	0.063020
2312	68.9375	39.8125	0.061521
2313	69.0625	39.8125	0.058453
2314	69.1875	39.8125	0.060981
2315	69.3125	39.8125	0.067316
2316	69.4375	39.8125	0.072843
2317	69.5625	39.8125	0.074964
2318	69.6875	39.8125	0.074191
2319	69.8125	39.8125	0.074927
2320	69.9375	39.8125	0.079105
2321	70.0625	39.8125	0.078745
2322	70.1875	39.8125	0.061248
2323	70.3125	39.8125	0.055980
2324	70.4375	39.8125	0.067589
2325	70.5625	39.8125	0.071577
2326	70.6875	39.8125	0.057136
2327	70.8125	39.8125	0.043548
2328	70.9375	39.8125	0.030338
2329	71.0625	39.8125	0.049662
2330	71.1875	39.8125	0.048275
2331	71.3125	39.8125	0.032821
2332	71.4375	39.8125	0.019294
2333	71.5625	39.8125	0.008951
2334	71.6875	39.8125	0.012661
2335	71.8125	39.8125	0.028258
2336	71.9375	39.8125	0.025145
2337	72.0625	39.8125	0.010434
2338	72.1875	39.8125	0.018799
2339	72.3125	39.8125	0.038016
2340	72.4375	39.8125	0.047220
2341	72.5625	39.8125	0.046446
2342	72.6875	39.8125	0.042050
2343	72.8125	39.8125	0.033407
2344	72.9375	39.8125	0.025537
2345	73.0625	39.8125	0.017156
2346	73.1875	39.8125	0.005904
2347	73.3125	39.8125	0.009822
2348	73.4375	39.8125	0.021759
2349	73.5625	39.8125	0.014555
2350	67.6875	39.6875	0.023136
2351	67.8125	39.6875	0.022586
2352	67.9375	39.6875	0.019261
2353	68.0625	39.6875	0.020472
2354	68.1875	39.6875	0.017485
2355	68.3125	39.6875	0.004392
2356	68.4375	39.6875	0.016774
2357	68.5625	39.6875	0.017075
2358	68.6875	39.6875	0.015437
2359	68.8125	39.6875	0.028284
2360	68.9375	39.6875	0.033228
2361	69.0625	39.6875	0.029588
2362	69.1875	39.6875	0.029536
2363	69.3125	39.6875	0.029846
2364	69.4375	39.6875	0.025365
2365	69.5625	39.6875	0.022242
2366	69.6875	39.6875	0.010158
2367	69.8125	39.6875	0.006077
2368	69.9375	39.6875	0.011941
2369	70.0625	39.6875	0.014565
2370	70.1875	39.6875	0.009643
2371	70.3125	39.6875	0.014642
2372	70.4375	39.6875	0.019120
2373	70.5625	39.6875	0.002971
2374	70.6875	39.6875	0.025910
2375	70.8125	39.6875	0.034112
2376	70.9375	39.6875	0.036514
2377	71.0625	39.6875	0.028103
2378	71.1875	39.6875	0.015564
2379	71.3125	39.6875	0.018607
2380	71.4375	39.6875	0.015376
2381	71.5625	39.6875	0.031215
2382	71.6875	39.6875	0.045575
2383	71.8125	39.6875	0.038844
2384	71.9375	39.6875	0.027954
2385	72.0625	39.6875	0.018281
2386	72.1875	39.6875	0.016081
2387	72.3125	39.6875	0.012680
2388	72.4375	39.6875	0.006962
2389	67.9375	39.5625	0.018752
2390	68.0625	39.5625	0.022142
2391	68.1875	39.5625	0.029287
2392	68.3125	39.5625	0.019815
2393	68.4375	39.5625	0.007194
2394	68.5625	39.5625	0.014944
2395	68.6875	39.5625	0.023081
2396	68.8125	39.5625	0.008661
2397	68.9375	39.5625	0.003583
2398	69.0625	39.5625	0.005891
2399	69.1875	39.5625	0.008719
2400	69.3125	39.5625	0.010209
2401	69.4375	39.5625	0.009627
2402	69.5625	39.5625	0.012669
2403	69.6875	39.5625	0.007225
2404	69.8125	39.5625	0.006330
2405	69.9375	39.5625	0.014326
2406	70.0625	39.5625	0.019332
2407	70.1875	39.5625	0.024070
2408	70.3125	39.5625	0.030697
2409	70.4375	39.5625	0.031694
2410	70.5625	39.5625	0.035796
2411	70.6875	39.5625	0.032881
2412	70.8125	39.5625	0.017715
2413	70.9375	39.5625	0.009067
2414	71.0625	39.5625	0.013692
2415	71.1875	39.5625	0.029502
2416	71.3125	39.5625	0.043833
2417	71.4375	39.5625	0.048037
2418	71.5625	39.5625	0.046519
2419	68.8125	39.4375	0.010488
2420	68.9375	39.4375	0.011282
2421	69.0625	39.4375	0.016036
2422	69.1875	39.4375	0.018471
2423	70.6875	39.4375	0.039505
2424	70.8125	39.4375	0.053146
2425	70.9375	39.4375	0.057262
2426	71.0625	39.4375	0.048248
