196
46.750 1 66
46.750 2 77
46.750 3 110
46.750 4 143
46.750 5 132
46.250 6 28
46.250 7 40
46.250 8 64
46.250 9 66
46.250 10 82
46.250 11 97
46.250 12 115
46.250 13 144
46.250 14 152
45.750 15 49
45.750 16 57
45.750 17 65
45.750 18 80
45.750 19 94
45.750 20 96
45.750 21 107
45.750 22 112
45.750 23 136
45.750 24 128
45.750 25 104
45.750 26 153
45.250 27 79
45.250 28 88
45.250 29 95
45.250 30 99
45.250 31 106
45.250 32 113
45.250 33 119
45.250 34 128
45.250 35 130
44.750 36 111
44.750 37 118
44.750 38 125
44.750 39 132
44.750 40 140
44.750 41 229
44.250 42 135
44.250 43 139
44.250 44 156
44.250 45 289
44.250 46 487
44.250 47 347
43.750 48 153
43.750 49 153
43.750 50 171
43.750 51 371
43.750 52 725
43.750 53 851
43.750 54 486
43.250 55 179
43.250 56 172
43.250 57 179
43.250 58 218
43.250 59 335
43.250 60 489
43.250 61 775
43.250 62 736
42.750 63 180
42.750 64 182
42.750 65 188
42.750 66 191
42.750 67 217
42.750 68 310
42.750 69 594
42.750 70 979
42.750 71 998
42.250 72 213
42.250 73 216
42.250 74 213
42.250 75 288
42.250 76 411
42.250 77 742
42.250 78 1707
42.250 79 2749
42.250 80 2841
42.250 81 2570
42.250 82 2418
42.250 83 2703
42.250 84 3013
42.250 85 2947
42.250 86 3025
42.250 87 3132
42.250 88 2936
42.250 89 2174
42.250 90 2967
41.750 91 262
41.750 92 234
41.750 93 285
41.750 94 407
41.750 95 574
41.750 96 1155
41.750 97 2048
41.750 98 2486
41.750 99 2627
41.750 100 2279
41.750 101 1998
41.750 102 1608
41.750 103 1882
41.750 104 2500
41.750 105 2512
41.750 106 2719
41.750 107 2990
41.750 108 2826
41.750 109 3168
41.750 110 3396
41.750 111 3675
41.750 112 3703
41.750 113 3887
41.250 114 254
41.250 115 246
41.250 116 263
41.250 117 290
41.250 118 274
41.250 119 262
41.250 120 317
41.250 121 419
41.250 122 1150
41.250 123 2139
41.250 124 2502
41.250 125 1400
41.250 126 911
41.250 127 948
41.250 128 1679
41.250 129 1853
41.250 130 2262
41.250 131 2274
41.250 132 2229
41.250 133 2369
41.250 134 2414
41.250 135 3059
41.250 136 3454
41.250 137 3863
41.250 138 3985
41.250 139 3627
40.750 140 405
40.750 141 535
40.750 142 482
40.750 143 255
40.750 144 248
40.750 145 261
40.750 146 265
40.750 147 396
40.750 148 1153
40.750 149 1445
40.750 150 644
40.750 151 423
40.750 152 421
40.750 153 511
40.750 154 777
40.750 155 1279
40.750 156 2128
40.750 157 3156
40.750 158 3420
40.750 159 3426
40.750 160 3641
40.250 161 928
40.250 162 798
40.250 163 401
40.250 164 335
40.250 165 377
40.250 166 448
40.250 167 679
40.250 168 793
40.250 169 772
40.250 170 960
40.250 171 991
40.250 172 1506
40.250 173 1966
40.250 174 2408
40.250 175 2992
40.250 176 3133
40.250 177 3692
40.250 178 3428
39.750 179 823
39.750 180 1329
39.750 181 1585
39.750 182 1837
39.750 183 1924
39.750 184 2447
39.750 185 2810
39.750 186 2749
39.750 187 3037
39.750 188 3456
39.750 189 3309
39.750 190 3470
39.750 191 3343
39.750 192 3628
39.250 193 2879
39.250 194 3143
39.250 195 2863
39.250 196 3105
