ID	X	Y	landcover
1	62.9375	46.6875	17
2	63.3125	46.6875	16
3	63.4375	46.6875	16
4	63.5625	46.6875	16
5	63.6875	46.6875	16
6	63.8125	46.6875	16
7	62.3125	46.5625	19
8	62.4375	46.5625	19
9	62.5625	46.5625	19
10	62.6875	46.5625	19
11	62.8125	46.5625	19
12	62.9375	46.5625	19
13	63.0625	46.5625	19
14	63.1875	46.5625	17
15	63.3125	46.5625	19
16	63.4375	46.5625	19
17	63.5625	46.5625	16
18	63.6875	46.5625	16
19	63.8125	46.5625	16
20	63.9375	46.5625	17
21	64.0625	46.5625	16
22	62.1875	46.4375	19
23	62.3125	46.4375	19
24	62.4375	46.4375	19
25	62.5625	46.4375	19
26	62.6875	46.4375	19
27	62.8125	46.4375	19
28	62.9375	46.4375	19
29	63.0625	46.4375	19
30	63.1875	46.4375	16
31	63.3125	46.4375	16
32	63.4375	46.4375	19
33	63.5625	46.4375	19
34	63.6875	46.4375	16
35	63.8125	46.4375	19
36	63.9375	46.4375	16
37	64.0625	46.4375	16
38	64.1875	46.4375	17
39	64.3125	46.4375	16
40	64.4375	46.4375	19
41	64.5625	46.4375	19
42	61.6875	46.3125	16
43	61.8125	46.3125	19
44	61.9375	46.3125	19
45	62.0625	46.3125	19
46	62.1875	46.3125	19
47	62.3125	46.3125	19
48	62.4375	46.3125	19
49	62.5625	46.3125	19
50	62.6875	46.3125	19
51	62.8125	46.3125	19
52	62.9375	46.3125	19
53	63.0625	46.3125	19
54	63.1875	46.3125	19
55	63.3125	46.3125	19
56	63.4375	46.3125	19
57	63.5625	46.3125	19
58	63.6875	46.3125	19
59	63.8125	46.3125	16
60	63.9375	46.3125	16
61	64.0625	46.3125	17
62	64.1875	46.3125	16
63	64.3125	46.3125	16
64	64.4375	46.3125	19
65	64.5625	46.3125	19
66	64.6875	46.3125	19
67	64.8125	46.3125	20
68	61.1875	46.1875	21
69	61.3125	46.1875	19
70	61.4375	46.1875	19
71	61.5625	46.1875	16
72	61.6875	46.1875	25
73	61.8125	46.1875	25
74	61.9375	46.1875	19
75	62.0625	46.1875	19
76	62.1875	46.1875	19
77	62.3125	46.1875	19
78	62.4375	46.1875	19
79	62.5625	46.1875	19
80	62.6875	46.1875	19
81	62.8125	46.1875	19
82	62.9375	46.1875	19
83	63.0625	46.1875	19
84	63.1875	46.1875	19
85	63.3125	46.1875	19
86	63.4375	46.1875	19
87	63.5625	46.1875	19
88	63.6875	46.1875	19
89	63.8125	46.1875	19
90	63.9375	46.1875	19
91	64.0625	46.1875	19
92	64.1875	46.1875	19
93	64.3125	46.1875	19
94	64.4375	46.1875	19
95	64.5625	46.1875	19
96	64.6875	46.1875	20
97	64.8125	46.1875	20
98	60.8125	46.0625	21
99	60.9375	46.0625	21
100	61.0625	46.0625	21
101	61.1875	46.0625	19
102	61.3125	46.0625	19
103	61.4375	46.0625	19
104	61.5625	46.0625	19
105	61.6875	46.0625	17
106	61.8125	46.0625	19
107	61.9375	46.0625	19
108	62.0625	46.0625	19
109	62.1875	46.0625	19
110	62.3125	46.0625	19
111	62.4375	46.0625	19
112	62.5625	46.0625	19
113	62.6875	46.0625	19
114	62.8125	46.0625	19
115	62.9375	46.0625	19
116	63.0625	46.0625	19
117	63.1875	46.0625	19
118	63.3125	46.0625	19
119	63.4375	46.0625	19
120	63.5625	46.0625	19
121	63.6875	46.0625	19
122	63.8125	46.0625	19
123	63.9375	46.0625	19
124	64.0625	46.0625	19
125	64.1875	46.0625	19
126	64.3125	46.0625	19
127	64.4375	46.0625	19
128	64.5625	46.0625	21
129	64.6875	46.0625	19
130	64.8125	46.0625	20
131	61.0625	45.9375	19
132	61.1875	45.9375	19
133	61.3125	45.9375	19
134	61.4375	45.9375	19
135	61.5625	45.9375	19
136	61.6875	45.9375	19
137	61.8125	45.9375	17
138	61.9375	45.9375	19
139	62.0625	45.9375	19
140	62.1875	45.9375	19
141	62.3125	45.9375	19
142	62.4375	45.9375	19
143	62.5625	45.9375	19
144	62.6875	45.9375	19
145	62.8125	45.9375	19
146	62.9375	45.9375	19
147	63.0625	45.9375	19
148	63.1875	45.9375	19
149	63.3125	45.9375	19
150	63.4375	45.9375	19
151	63.5625	45.9375	19
152	63.6875	45.9375	19
153	63.8125	45.9375	19
154	63.9375	45.9375	19
155	64.0625	45.9375	19
156	64.1875	45.9375	19
157	64.3125	45.9375	19
158	64.4375	45.9375	19
159	64.5625	45.9375	21
160	64.6875	45.9375	19
161	64.8125	45.9375	19
162	65.1875	45.9375	19
163	61.5625	45.8125	17
164	61.6875	45.8125	9
165	61.8125	45.8125	9
166	61.9375	45.8125	9
167	62.0625	45.8125	9
168	62.1875	45.8125	9
169	62.3125	45.8125	19
170	62.4375	45.8125	19
171	62.5625	45.8125	20
172	62.6875	45.8125	20
173	62.8125	45.8125	19
174	62.9375	45.8125	19
175	63.0625	45.8125	19
176	63.1875	45.8125	19
177	63.3125	45.8125	19
178	63.4375	45.8125	19
179	63.5625	45.8125	19
180	63.6875	45.8125	19
181	63.8125	45.8125	19
182	63.9375	45.8125	21
183	64.0625	45.8125	19
184	64.1875	45.8125	19
185	64.3125	45.8125	19
186	64.4375	45.8125	21
187	64.5625	45.8125	21
188	64.6875	45.8125	19
189	64.8125	45.8125	19
190	64.9375	45.8125	19
191	65.0625	45.8125	19
192	65.1875	45.8125	19
193	61.6875	45.6875	19
194	61.8125	45.6875	9
195	61.9375	45.6875	9
196	62.0625	45.6875	9
197	62.1875	45.6875	9
198	62.3125	45.6875	19
199	62.4375	45.6875	19
200	62.5625	45.6875	19
201	62.6875	45.6875	19
202	62.8125	45.6875	19
203	62.9375	45.6875	19
204	63.0625	45.6875	19
205	63.1875	45.6875	19
206	63.3125	45.6875	19
207	63.4375	45.6875	19
208	63.5625	45.6875	19
209	63.6875	45.6875	19
210	63.8125	45.6875	21
211	63.9375	45.6875	21
212	64.0625	45.6875	21
213	64.1875	45.6875	21
214	64.3125	45.6875	19
215	64.4375	45.6875	19
216	64.5625	45.6875	21
217	64.6875	45.6875	21
218	64.8125	45.6875	21
219	64.9375	45.6875	21
220	65.0625	45.6875	21
221	65.1875	45.6875	21
222	65.3125	45.6875	19
223	65.5625	45.6875	19
224	65.6875	45.6875	19
225	66.3125	45.6875	19
226	66.4375	45.6875	19
227	66.5625	45.6875	19
228	61.6875	45.5625	19
229	61.8125	45.5625	9
230	61.9375	45.5625	9
231	62.5625	45.5625	19
232	62.6875	45.5625	19
233	62.8125	45.5625	19
234	62.9375	45.5625	19
235	63.0625	45.5625	19
236	63.1875	45.5625	19
237	63.3125	45.5625	19
238	63.4375	45.5625	19
239	63.5625	45.5625	19
240	63.6875	45.5625	19
241	63.8125	45.5625	19
242	63.9375	45.5625	19
243	64.0625	45.5625	19
244	64.1875	45.5625	19
245	64.3125	45.5625	19
246	64.4375	45.5625	19
247	64.5625	45.5625	21
248	64.6875	45.5625	21
249	64.8125	45.5625	21
250	64.9375	45.5625	21
251	65.0625	45.5625	21
252	65.1875	45.5625	21
253	65.3125	45.5625	21
254	65.4375	45.5625	21
255	65.5625	45.5625	19
256	65.6875	45.5625	19
257	65.8125	45.5625	19
258	66.0625	45.5625	19
259	66.1875	45.5625	19
260	66.3125	45.5625	19
261	66.4375	45.5625	19
262	66.5625	45.5625	19
263	62.9375	45.4375	19
264	63.0625	45.4375	19
265	63.8125	45.4375	19
266	63.9375	45.4375	21
267	64.0625	45.4375	19
268	64.1875	45.4375	19
269	64.3125	45.4375	19
270	64.4375	45.4375	18
271	64.5625	45.4375	19
272	64.6875	45.4375	21
273	64.8125	45.4375	21
274	64.9375	45.4375	21
275	65.0625	45.4375	21
276	65.1875	45.4375	21
277	65.3125	45.4375	21
278	65.4375	45.4375	21
279	65.5625	45.4375	21
280	65.6875	45.4375	21
281	65.8125	45.4375	21
282	65.9375	45.4375	21
283	66.0625	45.4375	19
284	66.1875	45.4375	19
285	66.3125	45.4375	19
286	66.4375	45.4375	19
287	66.5625	45.4375	19
288	66.6875	45.4375	19
289	63.8125	45.3125	21
290	63.9375	45.3125	19
291	64.0625	45.3125	9
292	64.1875	45.3125	9
293	64.3125	45.3125	19
294	64.4375	45.3125	18
295	64.5625	45.3125	18
296	64.6875	45.3125	19
297	64.8125	45.3125	19
298	64.9375	45.3125	19
299	65.0625	45.3125	18
300	65.1875	45.3125	18
301	65.3125	45.3125	21
302	65.4375	45.3125	21
303	65.5625	45.3125	21
304	65.6875	45.3125	21
305	65.8125	45.3125	21
306	65.9375	45.3125	21
307	66.0625	45.3125	21
308	66.1875	45.3125	21
309	66.3125	45.3125	21
310	66.4375	45.3125	19
311	66.5625	45.3125	19
312	64.0625	45.1875	9
313	64.1875	45.1875	9
314	64.3125	45.1875	9
315	64.4375	45.1875	18
316	64.5625	45.1875	18
317	64.6875	45.1875	18
318	64.8125	45.1875	18
319	64.9375	45.1875	18
320	65.0625	45.1875	18
321	65.1875	45.1875	19
322	65.3125	45.1875	18
323	65.4375	45.1875	19
324	65.5625	45.1875	19
325	65.6875	45.1875	21
326	65.8125	45.1875	21
327	65.9375	45.1875	21
328	66.0625	45.1875	20
329	66.1875	45.1875	21
330	66.3125	45.1875	20
331	66.4375	45.1875	21
332	66.5625	45.1875	21
333	64.3125	45.0625	18
334	64.4375	45.0625	18
335	64.5625	45.0625	9
336	64.6875	45.0625	18
337	64.8125	45.0625	9
338	64.9375	45.0625	9
339	65.0625	45.0625	9
340	65.1875	45.0625	9
341	65.3125	45.0625	19
342	65.4375	45.0625	19
343	65.5625	45.0625	19
344	65.6875	45.0625	19
345	65.8125	45.0625	21
346	65.9375	45.0625	21
347	66.0625	45.0625	21
348	66.1875	45.0625	21
349	66.3125	45.0625	21
350	66.4375	45.0625	21
351	66.5625	45.0625	21
352	66.6875	45.0625	21
353	64.5625	44.9375	18
354	64.6875	44.9375	9
355	64.8125	44.9375	18
356	64.9375	44.9375	18
357	65.0625	44.9375	18
358	65.1875	44.9375	9
359	65.3125	44.9375	18
360	65.4375	44.9375	18
361	65.5625	44.9375	18
362	65.6875	44.9375	19
363	65.8125	44.9375	19
364	65.9375	44.9375	19
365	66.0625	44.9375	21
366	66.1875	44.9375	21
367	66.3125	44.9375	21
368	66.4375	44.9375	21
369	66.5625	44.9375	21
370	66.6875	44.9375	21
371	66.8125	44.9375	21
372	64.8125	44.8125	18
373	65.3125	44.8125	18
374	65.4375	44.8125	18
375	65.5625	44.8125	19
376	65.6875	44.8125	19
377	65.8125	44.8125	19
378	65.9375	44.8125	19
379	66.0625	44.8125	19
380	66.1875	44.8125	21
381	66.3125	44.8125	21
382	66.4375	44.8125	21
383	66.5625	44.8125	21
384	66.6875	44.8125	21
385	66.8125	44.8125	16
386	66.9375	44.8125	16
387	67.0625	44.8125	16
388	65.4375	44.6875	9
389	65.5625	44.6875	18
390	65.6875	44.6875	19
391	65.8125	44.6875	18
392	65.9375	44.6875	19
393	66.0625	44.6875	16
394	66.1875	44.6875	19
395	66.3125	44.6875	19
396	66.4375	44.6875	21
397	66.5625	44.6875	21
398	66.6875	44.6875	21
399	66.8125	44.6875	19
400	66.9375	44.6875	16
401	67.0625	44.6875	16
402	67.1875	44.6875	16
403	65.6875	44.5625	18
404	65.8125	44.5625	19
405	65.9375	44.5625	18
406	66.0625	44.5625	18
407	66.1875	44.5625	9
408	66.3125	44.5625	19
409	66.4375	44.5625	19
410	66.5625	44.5625	19
411	66.6875	44.5625	19
412	66.8125	44.5625	9
413	66.9375	44.5625	16
414	67.0625	44.5625	16
415	67.1875	44.5625	16
416	67.3125	44.5625	16
417	65.8125	44.4375	18
418	65.9375	44.4375	18
419	66.0625	44.4375	18
420	66.1875	44.4375	18
421	66.3125	44.4375	18
422	66.4375	44.4375	9
423	66.5625	44.4375	16
424	66.6875	44.4375	16
425	66.8125	44.4375	9
426	66.9375	44.4375	16
427	67.0625	44.4375	16
428	67.1875	44.4375	16
429	67.3125	44.4375	16
430	67.4375	44.4375	16
431	66.0625	44.3125	16
432	66.1875	44.3125	16
433	66.3125	44.3125	18
434	66.4375	44.3125	9
435	66.5625	44.3125	9
436	66.6875	44.3125	9
437	66.8125	44.3125	9
438	66.9375	44.3125	16
439	67.0625	44.3125	16
440	67.1875	44.3125	16
441	67.3125	44.3125	16
442	67.4375	44.3125	16
443	67.5625	44.3125	16
444	67.6875	44.3125	16
445	67.8125	44.3125	16
446	66.1875	44.1875	19
447	66.3125	44.1875	16
448	66.4375	44.1875	18
449	66.5625	44.1875	9
450	66.6875	44.1875	9
451	66.8125	44.1875	9
452	66.9375	44.1875	9
453	67.0625	44.1875	9
454	67.1875	44.1875	16
455	67.3125	44.1875	16
456	67.4375	44.1875	16
457	67.5625	44.1875	16
458	67.6875	44.1875	16
459	67.8125	44.1875	16
460	67.9375	44.1875	16
461	66.3125	44.0625	16
462	66.4375	44.0625	16
463	66.5625	44.0625	17
464	66.6875	44.0625	16
465	66.8125	44.0625	9
466	66.9375	44.0625	9
467	67.0625	44.0625	9
468	67.1875	44.0625	16
469	67.3125	44.0625	16
470	67.4375	44.0625	16
471	67.5625	44.0625	16
472	67.6875	44.0625	16
473	67.8125	44.0625	16
474	67.9375	44.0625	16
475	68.0625	44.0625	17
476	66.4375	43.9375	16
477	66.5625	43.9375	16
478	66.6875	43.9375	16
479	66.8125	43.9375	18
480	66.9375	43.9375	17
481	67.0625	43.9375	17
482	67.1875	43.9375	16
483	67.3125	43.9375	16
484	67.4375	43.9375	16
485	67.5625	43.9375	16
486	67.6875	43.9375	16
487	67.8125	43.9375	16
488	67.9375	43.9375	16
489	68.0625	43.9375	19
490	68.1875	43.9375	16
491	68.3125	43.9375	17
492	66.5625	43.8125	16
493	66.6875	43.8125	16
494	66.8125	43.8125	16
495	66.9375	43.8125	16
496	67.0625	43.8125	9
497	67.1875	43.8125	9
498	67.3125	43.8125	16
499	67.4375	43.8125	16
500	67.5625	43.8125	17
501	67.6875	43.8125	17
502	67.8125	43.8125	16
503	67.9375	43.8125	16
504	68.0625	43.8125	16
505	68.1875	43.8125	16
506	68.3125	43.8125	16
507	68.4375	43.8125	17
508	68.5625	43.8125	17
509	68.6875	43.8125	17
510	66.5625	43.6875	19
511	66.6875	43.6875	19
512	66.8125	43.6875	16
513	66.9375	43.6875	16
514	67.0625	43.6875	20
515	67.1875	43.6875	17
516	67.3125	43.6875	17
517	67.4375	43.6875	20
518	67.5625	43.6875	17
519	67.6875	43.6875	17
520	67.8125	43.6875	17
521	67.9375	43.6875	17
522	68.0625	43.6875	16
523	68.1875	43.6875	16
524	68.3125	43.6875	16
525	68.4375	43.6875	16
526	68.5625	43.6875	16
527	68.6875	43.6875	17
528	68.8125	43.6875	17
529	68.9375	43.6875	17
530	66.8125	43.5625	16
531	66.9375	43.5625	16
532	67.0625	43.5625	16
533	67.1875	43.5625	20
534	67.3125	43.5625	9
535	67.4375	43.5625	17
536	67.5625	43.5625	16
537	67.6875	43.5625	17
538	67.8125	43.5625	17
539	67.9375	43.5625	17
540	68.0625	43.5625	17
541	68.1875	43.5625	17
542	68.3125	43.5625	16
543	68.4375	43.5625	16
544	68.5625	43.5625	16
545	68.6875	43.5625	16
546	68.8125	43.5625	16
547	68.9375	43.5625	16
548	69.0625	43.5625	16
549	66.9375	43.4375	16
550	67.0625	43.4375	16
551	67.1875	43.4375	19
552	67.3125	43.4375	9
553	67.4375	43.4375	9
554	67.5625	43.4375	17
555	67.6875	43.4375	17
556	67.8125	43.4375	17
557	67.9375	43.4375	17
558	68.0625	43.4375	17
559	68.1875	43.4375	17
560	68.3125	43.4375	9
561	68.4375	43.4375	16
562	68.5625	43.4375	16
563	68.6875	43.4375	16
564	68.8125	43.4375	16
565	68.9375	43.4375	16
566	69.0625	43.4375	16
567	69.1875	43.4375	16
568	69.3125	43.4375	9
569	69.4375	43.4375	9
570	69.5625	43.4375	9
571	69.6875	43.4375	17
572	67.0625	43.3125	16
573	67.1875	43.3125	16
574	67.3125	43.3125	19
575	67.4375	43.3125	9
576	67.5625	43.3125	9
577	67.6875	43.3125	17
578	67.8125	43.3125	16
579	67.9375	43.3125	16
580	68.0625	43.3125	17
581	68.1875	43.3125	17
582	68.3125	43.3125	16
583	68.4375	43.3125	16
584	68.5625	43.3125	16
585	68.6875	43.3125	16
586	68.8125	43.3125	16
587	68.9375	43.3125	16
588	69.0625	43.3125	17
589	69.1875	43.3125	17
590	69.3125	43.3125	17
591	69.4375	43.3125	17
592	69.5625	43.3125	17
593	69.6875	43.3125	17
594	69.8125	43.3125	17
595	69.9375	43.3125	17
596	67.0625	43.1875	16
597	67.1875	43.1875	16
598	67.3125	43.1875	19
599	67.4375	43.1875	19
600	67.5625	43.1875	16
601	67.6875	43.1875	16
602	67.8125	43.1875	15
603	67.9375	43.1875	18
604	68.0625	43.1875	16
605	68.1875	43.1875	16
606	68.3125	43.1875	16
607	68.4375	43.1875	9
608	68.5625	43.1875	9
609	68.6875	43.1875	16
610	68.8125	43.1875	16
611	68.9375	43.1875	16
612	69.0625	43.1875	16
613	69.1875	43.1875	17
614	69.3125	43.1875	17
615	69.4375	43.1875	17
616	69.5625	43.1875	17
617	69.6875	43.1875	17
618	69.8125	43.1875	17
619	69.9375	43.1875	17
620	70.0625	43.1875	17
621	67.0625	43.0625	16
622	67.1875	43.0625	19
623	67.3125	43.0625	19
624	67.4375	43.0625	19
625	67.5625	43.0625	16
626	67.6875	43.0625	16
627	67.8125	43.0625	17
628	67.9375	43.0625	18
629	68.0625	43.0625	17
630	68.1875	43.0625	16
631	68.3125	43.0625	16
632	68.4375	43.0625	16
633	68.5625	43.0625	17
634	68.6875	43.0625	9
635	68.8125	43.0625	16
636	68.9375	43.0625	17
637	69.0625	43.0625	17
638	69.1875	43.0625	17
639	69.3125	43.0625	17
640	69.4375	43.0625	17
641	69.5625	43.0625	17
642	69.6875	43.0625	17
643	69.8125	43.0625	17
644	69.9375	43.0625	17
645	70.0625	43.0625	17
646	70.1875	43.0625	17
647	70.3125	43.0625	17
648	70.4375	43.0625	17
649	66.9375	42.9375	16
650	67.0625	42.9375	16
651	67.1875	42.9375	19
652	67.3125	42.9375	19
653	67.4375	42.9375	19
654	67.5625	42.9375	19
655	67.6875	42.9375	16
656	67.8125	42.9375	16
657	67.9375	42.9375	17
658	68.0625	42.9375	17
659	68.1875	42.9375	16
660	68.3125	42.9375	17
661	68.4375	42.9375	16
662	68.5625	42.9375	16
663	68.6875	42.9375	17
664	68.8125	42.9375	17
665	68.9375	42.9375	9
666	69.0625	42.9375	17
667	69.1875	42.9375	16
668	69.3125	42.9375	16
669	69.4375	42.9375	17
670	69.5625	42.9375	17
671	69.6875	42.9375	17
672	69.8125	42.9375	17
673	69.9375	42.9375	17
674	70.0625	42.9375	17
675	70.1875	42.9375	17
676	70.3125	42.9375	17
677	70.4375	42.9375	17
678	70.5625	42.9375	17
679	66.9375	42.8125	16
680	67.0625	42.8125	20
681	67.1875	42.8125	19
682	67.3125	42.8125	19
683	67.4375	42.8125	19
684	67.5625	42.8125	20
685	67.6875	42.8125	20
686	67.8125	42.8125	16
687	67.9375	42.8125	16
688	68.0625	42.8125	16
689	68.1875	42.8125	17
690	68.3125	42.8125	9
691	68.4375	42.8125	16
692	68.5625	42.8125	16
693	68.6875	42.8125	17
694	68.8125	42.8125	17
695	68.9375	42.8125	9
696	69.0625	42.8125	9
697	69.1875	42.8125	9
698	69.3125	42.8125	17
699	69.4375	42.8125	9
700	69.5625	42.8125	9
701	69.6875	42.8125	9
702	69.8125	42.8125	17
703	69.9375	42.8125	17
704	70.0625	42.8125	17
705	70.1875	42.8125	17
706	70.3125	42.8125	17
707	70.4375	42.8125	17
708	70.5625	42.8125	17
709	66.9375	42.6875	16
710	67.0625	42.6875	20
711	67.1875	42.6875	16
712	67.3125	42.6875	16
713	67.4375	42.6875	16
714	67.5625	42.6875	16
715	67.6875	42.6875	16
716	67.8125	42.6875	16
717	67.9375	42.6875	16
718	68.0625	42.6875	16
719	68.1875	42.6875	16
720	68.3125	42.6875	16
721	68.4375	42.6875	16
722	68.5625	42.6875	17
723	68.6875	42.6875	17
724	68.8125	42.6875	16
725	68.9375	42.6875	17
726	69.0625	42.6875	17
727	69.1875	42.6875	17
728	69.3125	42.6875	17
729	69.4375	42.6875	17
730	69.5625	42.6875	9
731	69.6875	42.6875	9
732	69.8125	42.6875	17
733	69.9375	42.6875	9
734	70.0625	42.6875	9
735	70.1875	42.6875	17
736	70.3125	42.6875	17
737	70.4375	42.6875	17
738	67.1875	42.5625	16
739	67.3125	42.5625	16
740	67.4375	42.5625	16
741	67.5625	42.5625	16
742	67.6875	42.5625	16
743	67.8125	42.5625	16
744	67.9375	42.5625	16
745	68.0625	42.5625	16
746	68.1875	42.5625	16
747	68.3125	42.5625	16
748	68.4375	42.5625	16
749	68.5625	42.5625	16
750	68.6875	42.5625	16
751	68.8125	42.5625	16
752	68.9375	42.5625	17
753	69.0625	42.5625	16
754	69.1875	42.5625	9
755	69.3125	42.5625	9
756	69.4375	42.5625	9
757	69.5625	42.5625	9
758	69.6875	42.5625	9
759	69.8125	42.5625	9
760	69.9375	42.5625	9
761	70.0625	42.5625	9
762	70.1875	42.5625	17
763	70.3125	42.5625	9
764	70.4375	42.5625	17
765	70.5625	42.5625	17
766	70.6875	42.5625	17
767	67.4375	42.4375	16
768	67.5625	42.4375	16
769	67.6875	42.4375	16
770	67.8125	42.4375	16
771	67.9375	42.4375	16
772	68.0625	42.4375	16
773	68.1875	42.4375	16
774	68.3125	42.4375	16
775	68.4375	42.4375	16
776	68.5625	42.4375	16
777	68.6875	42.4375	16
778	68.8125	42.4375	16
779	68.9375	42.4375	9
780	69.0625	42.4375	17
781	69.1875	42.4375	9
782	69.3125	42.4375	9
783	69.4375	42.4375	9
784	69.5625	42.4375	17
785	69.6875	42.4375	17
786	69.8125	42.4375	9
787	69.9375	42.4375	9
788	70.0625	42.4375	17
789	70.1875	42.4375	17
790	70.3125	42.4375	17
791	70.4375	42.4375	17
792	70.5625	42.4375	17
793	70.6875	42.4375	17
794	70.8125	42.4375	17
795	74.1875	42.4375	24
796	74.3125	42.4375	17
797	74.4375	42.4375	24
798	74.5625	42.4375	24
799	74.6875	42.4375	24
800	74.8125	42.4375	24
801	67.5625	42.3125	16
802	67.6875	42.3125	16
803	67.8125	42.3125	16
804	67.9375	42.3125	16
805	68.0625	42.3125	16
806	68.1875	42.3125	16
807	68.3125	42.3125	16
808	68.4375	42.3125	16
809	68.5625	42.3125	16
810	68.6875	42.3125	16
811	68.8125	42.3125	16
812	68.9375	42.3125	17
813	69.0625	42.3125	17
814	69.1875	42.3125	17
815	69.3125	42.3125	17
816	69.4375	42.3125	17
817	69.5625	42.3125	17
818	69.6875	42.3125	9
819	69.8125	42.3125	9
820	69.9375	42.3125	9
821	70.0625	42.3125	17
822	70.1875	42.3125	17
823	70.3125	42.3125	17
824	70.4375	42.3125	17
825	70.5625	42.3125	17
826	70.6875	42.3125	17
827	70.8125	42.3125	17
828	70.9375	42.3125	17
829	71.0625	42.3125	17
830	71.1875	42.3125	17
831	72.5625	42.3125	17
832	72.6875	42.3125	17
833	72.9375	42.3125	17
834	73.0625	42.3125	17
835	73.1875	42.3125	17
836	73.3125	42.3125	17
837	73.4375	42.3125	17
838	73.5625	42.3125	17
839	73.6875	42.3125	17
840	73.8125	42.3125	17
841	73.9375	42.3125	17
842	74.0625	42.3125	17
843	74.1875	42.3125	17
844	74.3125	42.3125	17
845	74.4375	42.3125	17
846	74.5625	42.3125	17
847	74.6875	42.3125	17
848	74.8125	42.3125	17
849	67.4375	42.1875	16
850	67.5625	42.1875	16
851	67.6875	42.1875	16
852	67.8125	42.1875	16
853	67.9375	42.1875	16
854	68.0625	42.1875	9
855	68.1875	42.1875	17
856	68.3125	42.1875	16
857	68.4375	42.1875	16
858	68.5625	42.1875	16
859	68.6875	42.1875	16
860	68.8125	42.1875	16
861	68.9375	42.1875	17
862	69.0625	42.1875	17
863	69.1875	42.1875	17
864	69.3125	42.1875	17
865	69.4375	42.1875	17
866	69.5625	42.1875	17
867	69.6875	42.1875	9
868	69.8125	42.1875	9
869	69.9375	42.1875	17
870	70.0625	42.1875	17
871	70.1875	42.1875	17
872	70.3125	42.1875	17
873	70.4375	42.1875	17
874	70.5625	42.1875	17
875	70.6875	42.1875	17
876	70.8125	42.1875	17
877	70.9375	42.1875	17
878	71.0625	42.1875	17
879	71.1875	42.1875	24
880	71.3125	42.1875	24
881	71.4375	42.1875	17
882	71.5625	42.1875	17
883	71.6875	42.1875	17
884	71.8125	42.1875	17
885	71.9375	42.1875	17
886	72.1875	42.1875	17
887	72.3125	42.1875	17
888	72.4375	42.1875	17
889	72.5625	42.1875	17
890	72.6875	42.1875	17
891	72.8125	42.1875	17
892	72.9375	42.1875	17
893	73.0625	42.1875	17
894	73.1875	42.1875	17
895	73.3125	42.1875	17
896	73.4375	42.1875	17
897	73.5625	42.1875	17
898	73.6875	42.1875	17
899	73.8125	42.1875	17
900	73.9375	42.1875	18
901	74.0625	42.1875	17
902	74.1875	42.1875	17
903	74.3125	42.1875	17
904	74.4375	42.1875	17
905	74.5625	42.1875	17
906	74.6875	42.1875	17
907	74.8125	42.1875	17
908	74.9375	42.1875	17
909	75.0625	42.1875	17
910	75.1875	42.1875	17
911	67.4375	42.0625	16
912	67.5625	42.0625	16
913	67.6875	42.0625	16
914	67.8125	42.0625	16
915	67.9375	42.0625	9
916	68.0625	42.0625	18
917	68.1875	42.0625	17
918	68.3125	42.0625	16
919	68.4375	42.0625	16
920	68.5625	42.0625	16
921	68.6875	42.0625	16
922	68.8125	42.0625	16
923	68.9375	42.0625	17
924	69.0625	42.0625	17
925	69.1875	42.0625	17
926	69.3125	42.0625	17
927	69.4375	42.0625	17
928	69.5625	42.0625	17
929	69.6875	42.0625	17
930	69.8125	42.0625	17
931	69.9375	42.0625	17
932	70.0625	42.0625	17
933	70.1875	42.0625	17
934	70.3125	42.0625	17
935	70.4375	42.0625	17
936	70.5625	42.0625	17
937	70.6875	42.0625	17
938	70.8125	42.0625	17
939	70.9375	42.0625	17
940	71.0625	42.0625	17
941	71.1875	42.0625	17
942	71.3125	42.0625	17
943	71.4375	42.0625	17
944	71.5625	42.0625	17
945	71.6875	42.0625	17
946	71.8125	42.0625	17
947	71.9375	42.0625	17
948	72.0625	42.0625	17
949	72.1875	42.0625	17
950	72.3125	42.0625	17
951	72.4375	42.0625	17
952	72.5625	42.0625	17
953	72.6875	42.0625	17
954	72.8125	42.0625	17
955	72.9375	42.0625	17
956	73.0625	42.0625	17
957	73.1875	42.0625	17
958	73.3125	42.0625	17
959	73.4375	42.0625	17
960	73.5625	42.0625	17
961	73.6875	42.0625	17
962	73.8125	42.0625	17
963	73.9375	42.0625	17
964	74.0625	42.0625	17
965	74.1875	42.0625	17
966	74.3125	42.0625	17
967	74.4375	42.0625	17
968	74.5625	42.0625	17
969	74.6875	42.0625	17
970	74.8125	42.0625	17
971	74.9375	42.0625	17
972	75.0625	42.0625	17
973	75.1875	42.0625	17
974	75.3125	42.0625	17
975	77.9375	42.0625	17
976	78.0625	42.0625	24
977	78.1875	42.0625	24
978	67.3125	41.9375	16
979	67.4375	41.9375	16
980	67.5625	41.9375	16
981	67.6875	41.9375	16
982	67.8125	41.9375	17
983	67.9375	41.9375	18
984	68.0625	41.9375	17
985	68.1875	41.9375	16
986	68.3125	41.9375	16
987	68.4375	41.9375	16
988	68.5625	41.9375	16
989	68.6875	41.9375	16
990	68.8125	41.9375	16
991	68.9375	41.9375	16
992	69.0625	41.9375	17
993	69.1875	41.9375	17
994	69.3125	41.9375	17
995	69.4375	41.9375	17
996	69.5625	41.9375	17
997	69.6875	41.9375	17
998	69.8125	41.9375	17
999	69.9375	41.9375	17
1000	70.0625	41.9375	17
1001	70.1875	41.9375	17
1002	70.3125	41.9375	17
1003	70.4375	41.9375	17
1004	70.5625	41.9375	17
1005	70.6875	41.9375	17
1006	70.8125	41.9375	17
1007	70.9375	41.9375	17
1008	71.0625	41.9375	17
1009	71.1875	41.9375	17
1010	71.3125	41.9375	17
1011	71.4375	41.9375	17
1012	71.5625	41.9375	17
1013	71.6875	41.9375	17
1014	71.8125	41.9375	17
1015	71.9375	41.9375	17
1016	72.0625	41.9375	17
1017	72.1875	41.9375	17
1018	72.3125	41.9375	17
1019	72.4375	41.9375	17
1020	72.5625	41.9375	17
1021	72.6875	41.9375	17
1022	72.8125	41.9375	17
1023	72.9375	41.9375	17
1024	73.0625	41.9375	17
1025	73.1875	41.9375	17
1026	73.3125	41.9375	17
1027	73.4375	41.9375	17
1028	73.5625	41.9375	17
1029	73.6875	41.9375	17
1030	73.8125	41.9375	17
1031	73.9375	41.9375	17
1032	74.0625	41.9375	17
1033	74.1875	41.9375	17
1034	74.3125	41.9375	17
1035	74.4375	41.9375	17
1036	74.5625	41.9375	17
1037	74.6875	41.9375	17
1038	74.8125	41.9375	17
1039	74.9375	41.9375	17
1040	75.0625	41.9375	17
1041	75.1875	41.9375	17
1042	75.3125	41.9375	17
1043	75.4375	41.9375	17
1044	75.5625	41.9375	17
1045	76.5625	41.9375	17
1046	76.6875	41.9375	24
1047	76.8125	41.9375	24
1048	76.9375	41.9375	17
1049	77.0625	41.9375	17
1050	77.1875	41.9375	24
1051	77.3125	41.9375	17
1052	77.4375	41.9375	17
1053	77.5625	41.9375	24
1054	77.6875	41.9375	24
1055	77.8125	41.9375	24
1056	77.9375	41.9375	24
1057	78.0625	41.9375	17
1058	78.1875	41.9375	17
1059	78.3125	41.9375	24
1060	67.4375	41.8125	16
1061	67.5625	41.8125	16
1062	67.6875	41.8125	16
1063	67.8125	41.8125	16
1064	67.9375	41.8125	18
1065	68.0625	41.8125	17
1066	68.1875	41.8125	16
1067	68.3125	41.8125	16
1068	68.4375	41.8125	16
1069	68.5625	41.8125	16
1070	68.6875	41.8125	16
1071	68.8125	41.8125	16
1072	68.9375	41.8125	16
1073	69.0625	41.8125	17
1074	69.1875	41.8125	17
1075	69.3125	41.8125	17
1076	69.4375	41.8125	9
1077	69.5625	41.8125	9
1078	69.6875	41.8125	17
1079	69.8125	41.8125	17
1080	69.9375	41.8125	17
1081	70.0625	41.8125	17
1082	70.1875	41.8125	17
1083	70.3125	41.8125	17
1084	70.4375	41.8125	17
1085	70.5625	41.8125	17
1086	70.6875	41.8125	17
1087	70.8125	41.8125	17
1088	70.9375	41.8125	17
1089	71.0625	41.8125	17
1090	71.1875	41.8125	17
1091	71.3125	41.8125	17
1092	71.4375	41.8125	17
1093	71.5625	41.8125	17
1094	71.6875	41.8125	17
1095	71.8125	41.8125	14
1096	71.9375	41.8125	14
1097	72.0625	41.8125	14
1098	72.1875	41.8125	17
1099	72.3125	41.8125	17
1100	72.4375	41.8125	17
1101	72.5625	41.8125	17
1102	72.6875	41.8125	17
1103	72.8125	41.8125	25
1104	72.9375	41.8125	25
1105	73.0625	41.8125	17
1106	73.1875	41.8125	17
1107	73.3125	41.8125	17
1108	73.4375	41.8125	17
1109	73.5625	41.8125	17
1110	73.6875	41.8125	17
1111	73.8125	41.8125	17
1112	73.9375	41.8125	17
1113	74.0625	41.8125	17
1114	74.1875	41.8125	17
1115	74.3125	41.8125	17
1116	74.4375	41.8125	17
1117	74.5625	41.8125	17
1118	74.6875	41.8125	17
1119	74.8125	41.8125	17
1120	74.9375	41.8125	17
1121	75.0625	41.8125	25
1122	75.1875	41.8125	25
1123	75.3125	41.8125	17
1124	75.4375	41.8125	17
1125	75.5625	41.8125	17
1126	75.6875	41.8125	17
1127	75.8125	41.8125	17
1128	75.9375	41.8125	17
1129	76.0625	41.8125	17
1130	76.1875	41.8125	17
1131	76.3125	41.8125	17
1132	76.4375	41.8125	17
1133	76.5625	41.8125	17
1134	76.6875	41.8125	17
1135	76.8125	41.8125	17
1136	76.9375	41.8125	17
1137	77.0625	41.8125	17
1138	77.1875	41.8125	17
1139	77.3125	41.8125	24
1140	77.4375	41.8125	24
1141	77.5625	41.8125	24
1142	77.6875	41.8125	24
1143	77.8125	41.8125	17
1144	77.9375	41.8125	24
1145	78.0625	41.8125	17
1146	78.1875	41.8125	24
1147	78.3125	41.8125	24
1148	67.4375	41.6875	16
1149	67.5625	41.6875	16
1150	67.6875	41.6875	16
1151	67.8125	41.6875	16
1152	67.9375	41.6875	16
1153	68.0625	41.6875	16
1154	68.1875	41.6875	16
1155	68.3125	41.6875	17
1156	68.4375	41.6875	16
1157	68.5625	41.6875	16
1158	68.6875	41.6875	16
1159	68.8125	41.6875	17
1160	68.9375	41.6875	9
1161	69.0625	41.6875	17
1162	69.1875	41.6875	17
1163	69.3125	41.6875	17
1164	69.4375	41.6875	9
1165	69.5625	41.6875	17
1166	69.6875	41.6875	17
1167	69.8125	41.6875	17
1168	69.9375	41.6875	17
1169	70.0625	41.6875	17
1170	70.1875	41.6875	17
1171	70.3125	41.6875	17
1172	70.4375	41.6875	17
1173	70.5625	41.6875	17
1174	70.6875	41.6875	17
1175	70.8125	41.6875	17
1176	70.9375	41.6875	17
1177	71.0625	41.6875	17
1178	71.1875	41.6875	17
1179	71.3125	41.6875	17
1180	71.4375	41.6875	17
1181	71.5625	41.6875	17
1182	71.6875	41.6875	14
1183	71.8125	41.6875	14
1184	71.9375	41.6875	14
1185	72.0625	41.6875	17
1186	72.1875	41.6875	17
1187	72.3125	41.6875	17
1188	72.4375	41.6875	17
1189	72.5625	41.6875	17
1190	72.6875	41.6875	17
1191	72.8125	41.6875	17
1192	72.9375	41.6875	17
1193	73.0625	41.6875	17
1194	73.1875	41.6875	17
1195	73.3125	41.6875	17
1196	73.4375	41.6875	17
1197	73.5625	41.6875	17
1198	73.6875	41.6875	17
1199	73.8125	41.6875	17
1200	73.9375	41.6875	17
1201	74.0625	41.6875	17
1202	74.1875	41.6875	17
1203	74.3125	41.6875	17
1204	74.4375	41.6875	17
1205	74.5625	41.6875	17
1206	74.6875	41.6875	17
1207	74.8125	41.6875	17
1208	74.9375	41.6875	17
1209	75.0625	41.6875	17
1210	75.1875	41.6875	17
1211	75.3125	41.6875	17
1212	75.4375	41.6875	17
1213	75.5625	41.6875	17
1214	75.6875	41.6875	17
1215	75.8125	41.6875	17
1216	75.9375	41.6875	17
1217	76.0625	41.6875	17
1218	76.1875	41.6875	17
1219	76.3125	41.6875	17
1220	76.4375	41.6875	17
1221	76.5625	41.6875	17
1222	76.6875	41.6875	17
1223	76.8125	41.6875	17
1224	76.9375	41.6875	17
1225	77.0625	41.6875	17
1226	77.1875	41.6875	17
1227	77.3125	41.6875	17
1228	77.4375	41.6875	24
1229	77.5625	41.6875	24
1230	77.6875	41.6875	17
1231	77.8125	41.6875	16
1232	77.9375	41.6875	17
1233	78.0625	41.6875	17
1234	78.1875	41.6875	24
1235	78.3125	41.6875	20
1236	67.4375	41.5625	16
1237	67.5625	41.5625	16
1238	67.6875	41.5625	16
1239	67.8125	41.5625	16
1240	67.9375	41.5625	16
1241	68.0625	41.5625	16
1242	68.1875	41.5625	16
1243	68.3125	41.5625	16
1244	68.4375	41.5625	17
1245	68.5625	41.5625	16
1246	68.6875	41.5625	16
1247	68.8125	41.5625	17
1248	68.9375	41.5625	9
1249	69.0625	41.5625	17
1250	69.1875	41.5625	17
1251	69.3125	41.5625	9
1252	69.4375	41.5625	9
1253	69.5625	41.5625	17
1254	69.6875	41.5625	17
1255	69.8125	41.5625	17
1256	69.9375	41.5625	17
1257	70.0625	41.5625	17
1258	70.1875	41.5625	17
1259	70.3125	41.5625	17
1260	70.4375	41.5625	17
1261	70.5625	41.5625	17
1262	70.6875	41.5625	17
1263	70.8125	41.5625	17
1264	70.9375	41.5625	17
1265	71.0625	41.5625	17
1266	71.1875	41.5625	17
1267	71.3125	41.5625	17
1268	71.4375	41.5625	14
1269	71.5625	41.5625	17
1270	71.6875	41.5625	17
1271	71.8125	41.5625	17
1272	71.9375	41.5625	17
1273	72.0625	41.5625	14
1274	72.1875	41.5625	17
1275	72.3125	41.5625	17
1276	72.4375	41.5625	17
1277	72.5625	41.5625	17
1278	72.6875	41.5625	17
1279	72.8125	41.5625	17
1280	72.9375	41.5625	17
1281	73.0625	41.5625	17
1282	73.1875	41.5625	17
1283	73.3125	41.5625	17
1284	73.4375	41.5625	17
1285	73.5625	41.5625	17
1286	73.6875	41.5625	17
1287	73.8125	41.5625	17
1288	73.9375	41.5625	17
1289	74.0625	41.5625	17
1290	74.1875	41.5625	17
1291	74.3125	41.5625	17
1292	74.4375	41.5625	17
1293	74.5625	41.5625	17
1294	74.6875	41.5625	17
1295	74.8125	41.5625	17
1296	74.9375	41.5625	17
1297	75.0625	41.5625	17
1298	75.1875	41.5625	17
1299	75.3125	41.5625	17
1300	75.4375	41.5625	17
1301	75.5625	41.5625	17
1302	75.6875	41.5625	17
1303	75.8125	41.5625	17
1304	75.9375	41.5625	17
1305	76.0625	41.5625	17
1306	76.1875	41.5625	17
1307	76.3125	41.5625	17
1308	76.4375	41.5625	17
1309	76.5625	41.5625	17
1310	76.6875	41.5625	17
1311	76.8125	41.5625	17
1312	76.9375	41.5625	17
1313	77.0625	41.5625	17
1314	77.1875	41.5625	24
1315	77.3125	41.5625	24
1316	77.4375	41.5625	17
1317	77.5625	41.5625	17
1318	77.6875	41.5625	17
1319	77.8125	41.5625	17
1320	77.9375	41.5625	17
1321	78.0625	41.5625	17
1322	78.1875	41.5625	20
1323	67.3125	41.4375	16
1324	67.4375	41.4375	16
1325	67.5625	41.4375	16
1326	67.6875	41.4375	16
1327	67.8125	41.4375	16
1328	67.9375	41.4375	16
1329	68.0625	41.4375	17
1330	68.1875	41.4375	16
1331	68.3125	41.4375	17
1332	68.4375	41.4375	17
1333	68.5625	41.4375	17
1334	68.6875	41.4375	17
1335	68.8125	41.4375	17
1336	68.9375	41.4375	9
1337	69.0625	41.4375	9
1338	69.1875	41.4375	9
1339	69.3125	41.4375	9
1340	69.4375	41.4375	9
1341	69.5625	41.4375	17
1342	69.6875	41.4375	17
1343	69.8125	41.4375	17
1344	69.9375	41.4375	17
1345	70.0625	41.4375	17
1346	70.1875	41.4375	17
1347	70.3125	41.4375	17
1348	70.4375	41.4375	17
1349	70.5625	41.4375	17
1350	70.6875	41.4375	17
1351	70.8125	41.4375	17
1352	70.9375	41.4375	17
1353	71.0625	41.4375	17
1354	71.1875	41.4375	17
1355	71.3125	41.4375	17
1356	71.4375	41.4375	17
1357	71.5625	41.4375	17
1358	71.6875	41.4375	17
1359	71.8125	41.4375	17
1360	71.9375	41.4375	17
1361	72.0625	41.4375	17
1362	72.1875	41.4375	17
1363	72.3125	41.4375	17
1364	72.4375	41.4375	17
1365	72.5625	41.4375	17
1366	72.6875	41.4375	17
1367	72.8125	41.4375	17
1368	72.9375	41.4375	17
1369	73.0625	41.4375	17
1370	73.1875	41.4375	17
1371	73.3125	41.4375	17
1372	73.4375	41.4375	17
1373	73.5625	41.4375	17
1374	73.6875	41.4375	17
1375	73.8125	41.4375	17
1376	73.9375	41.4375	17
1377	74.0625	41.4375	17
1378	74.1875	41.4375	17
1379	74.3125	41.4375	17
1380	74.4375	41.4375	17
1381	74.5625	41.4375	17
1382	74.6875	41.4375	17
1383	74.8125	41.4375	17
1384	74.9375	41.4375	17
1385	75.0625	41.4375	17
1386	75.1875	41.4375	17
1387	75.3125	41.4375	17
1388	75.4375	41.4375	17
1389	75.5625	41.4375	17
1390	75.6875	41.4375	17
1391	75.8125	41.4375	17
1392	75.9375	41.4375	17
1393	76.0625	41.4375	17
1394	76.1875	41.4375	17
1395	76.3125	41.4375	17
1396	76.4375	41.4375	17
1397	76.5625	41.4375	17
1398	76.6875	41.4375	17
1399	76.8125	41.4375	17
1400	76.9375	41.4375	17
1401	77.0625	41.4375	17
1402	77.1875	41.4375	17
1403	77.3125	41.4375	17
1404	77.4375	41.4375	20
1405	77.5625	41.4375	20
1406	77.6875	41.4375	24
1407	77.8125	41.4375	20
1408	77.9375	41.4375	20
1409	78.0625	41.4375	20
1410	66.0625	41.3125	16
1411	66.3125	41.3125	16
1412	66.4375	41.3125	16
1413	66.5625	41.3125	16
1414	66.6875	41.3125	16
1415	66.8125	41.3125	16
1416	66.9375	41.3125	16
1417	67.0625	41.3125	16
1418	67.1875	41.3125	16
1419	67.3125	41.3125	16
1420	67.4375	41.3125	16
1421	67.5625	41.3125	16
1422	67.6875	41.3125	16
1423	67.8125	41.3125	16
1424	67.9375	41.3125	16
1425	68.0625	41.3125	17
1426	68.1875	41.3125	16
1427	68.3125	41.3125	16
1428	68.4375	41.3125	17
1429	68.5625	41.3125	17
1430	68.6875	41.3125	17
1431	68.8125	41.3125	17
1432	68.9375	41.3125	9
1433	69.0625	41.3125	9
1434	69.1875	41.3125	10
1435	69.3125	41.3125	10
1436	69.4375	41.3125	17
1437	69.5625	41.3125	17
1438	69.6875	41.3125	17
1439	69.8125	41.3125	17
1440	69.9375	41.3125	17
1441	70.0625	41.3125	17
1442	70.1875	41.3125	17
1443	70.3125	41.3125	17
1444	70.4375	41.3125	17
1445	70.5625	41.3125	17
1446	70.6875	41.3125	17
1447	70.8125	41.3125	17
1448	70.9375	41.3125	17
1449	71.0625	41.3125	17
1450	71.1875	41.3125	17
1451	71.3125	41.3125	17
1452	71.4375	41.3125	16
1453	71.5625	41.3125	17
1454	71.6875	41.3125	9
1455	71.8125	41.3125	9
1456	71.9375	41.3125	17
1457	72.0625	41.3125	17
1458	72.1875	41.3125	16
1459	72.3125	41.3125	17
1460	72.4375	41.3125	17
1461	72.5625	41.3125	17
1462	72.6875	41.3125	17
1463	72.8125	41.3125	17
1464	72.9375	41.3125	17
1465	73.0625	41.3125	14
1466	73.1875	41.3125	17
1467	73.3125	41.3125	17
1468	73.4375	41.3125	17
1469	73.5625	41.3125	17
1470	73.6875	41.3125	17
1471	73.8125	41.3125	17
1472	73.9375	41.3125	17
1473	74.0625	41.3125	17
1474	74.1875	41.3125	17
1475	74.3125	41.3125	17
1476	74.4375	41.3125	17
1477	74.5625	41.3125	17
1478	74.6875	41.3125	17
1479	74.8125	41.3125	17
1480	74.9375	41.3125	17
1481	75.0625	41.3125	17
1482	75.1875	41.3125	17
1483	75.3125	41.3125	17
1484	75.4375	41.3125	17
1485	75.5625	41.3125	17
1486	75.6875	41.3125	17
1487	75.8125	41.3125	17
1488	75.9375	41.3125	17
1489	76.0625	41.3125	17
1490	76.1875	41.3125	17
1491	76.3125	41.3125	17
1492	76.4375	41.3125	17
1493	76.5625	41.3125	17
1494	76.6875	41.3125	17
1495	76.8125	41.3125	17
1496	76.9375	41.3125	17
1497	77.0625	41.3125	17
1498	77.1875	41.3125	17
1499	77.3125	41.3125	24
1500	77.4375	41.3125	17
1501	77.5625	41.3125	24
1502	77.6875	41.3125	24
1503	77.8125	41.3125	24
1504	65.6875	41.1875	16
1505	65.8125	41.1875	16
1506	65.9375	41.1875	16
1507	66.0625	41.1875	16
1508	66.1875	41.1875	16
1509	66.3125	41.1875	16
1510	66.4375	41.1875	16
1511	66.5625	41.1875	16
1512	66.6875	41.1875	16
1513	66.8125	41.1875	16
1514	66.9375	41.1875	16
1515	67.0625	41.1875	16
1516	67.1875	41.1875	16
1517	67.3125	41.1875	16
1518	67.4375	41.1875	16
1519	67.5625	41.1875	16
1520	67.6875	41.1875	16
1521	67.8125	41.1875	16
1522	67.9375	41.1875	25
1523	68.0625	41.1875	25
1524	68.1875	41.1875	25
1525	68.3125	41.1875	17
1526	68.4375	41.1875	16
1527	68.5625	41.1875	17
1528	68.6875	41.1875	17
1529	68.8125	41.1875	9
1530	68.9375	41.1875	9
1531	69.0625	41.1875	9
1532	69.1875	41.1875	17
1533	69.3125	41.1875	17
1534	69.4375	41.1875	17
1535	69.5625	41.1875	17
1536	69.6875	41.1875	17
1537	69.8125	41.1875	17
1538	69.9375	41.1875	17
1539	70.0625	41.1875	17
1540	70.1875	41.1875	17
1541	70.3125	41.1875	17
1542	70.4375	41.1875	17
1543	70.5625	41.1875	17
1544	70.6875	41.1875	17
1545	70.8125	41.1875	17
1546	70.9375	41.1875	17
1547	71.0625	41.1875	17
1548	71.1875	41.1875	16
1549	71.3125	41.1875	16
1550	71.4375	41.1875	9
1551	71.5625	41.1875	9
1552	71.6875	41.1875	9
1553	71.8125	41.1875	9
1554	71.9375	41.1875	16
1555	72.0625	41.1875	16
1556	72.1875	41.1875	16
1557	72.3125	41.1875	17
1558	72.4375	41.1875	17
1559	72.5625	41.1875	17
1560	72.6875	41.1875	17
1561	72.8125	41.1875	17
1562	72.9375	41.1875	17
1563	73.0625	41.1875	17
1564	73.1875	41.1875	17
1565	73.3125	41.1875	17
1566	73.4375	41.1875	17
1567	73.5625	41.1875	17
1568	73.6875	41.1875	17
1569	73.8125	41.1875	17
1570	73.9375	41.1875	17
1571	74.0625	41.1875	17
1572	74.1875	41.1875	17
1573	74.3125	41.1875	17
1574	74.4375	41.1875	17
1575	74.5625	41.1875	17
1576	74.6875	41.1875	17
1577	74.8125	41.1875	17
1578	74.9375	41.1875	17
1579	75.0625	41.1875	17
1580	75.1875	41.1875	17
1581	75.3125	41.1875	17
1582	75.4375	41.1875	17
1583	75.5625	41.1875	17
1584	75.6875	41.1875	17
1585	75.8125	41.1875	17
1586	75.9375	41.1875	17
1587	76.0625	41.1875	17
1588	76.1875	41.1875	17
1589	76.3125	41.1875	17
1590	76.4375	41.1875	17
1591	76.5625	41.1875	17
1592	76.6875	41.1875	17
1593	76.8125	41.1875	17
1594	76.9375	41.1875	17
1595	77.0625	41.1875	17
1596	77.1875	41.1875	16
1597	77.3125	41.1875	16
1598	77.4375	41.1875	16
1599	65.6875	41.0625	16
1600	65.8125	41.0625	16
1601	65.9375	41.0625	16
1602	66.0625	41.0625	16
1603	66.1875	41.0625	25
1604	66.3125	41.0625	25
1605	66.4375	41.0625	25
1606	66.5625	41.0625	16
1607	66.6875	41.0625	16
1608	66.8125	41.0625	16
1609	66.9375	41.0625	16
1610	67.0625	41.0625	16
1611	67.1875	41.0625	16
1612	67.3125	41.0625	16
1613	67.4375	41.0625	16
1614	67.5625	41.0625	16
1615	67.6875	41.0625	16
1616	67.8125	41.0625	16
1617	67.9375	41.0625	16
1618	68.0625	41.0625	25
1619	68.1875	41.0625	25
1620	68.3125	41.0625	25
1621	68.4375	41.0625	15
1622	68.5625	41.0625	17
1623	68.6875	41.0625	17
1624	68.8125	41.0625	9
1625	68.9375	41.0625	9
1626	69.0625	41.0625	17
1627	69.1875	41.0625	17
1628	69.3125	41.0625	17
1629	69.4375	41.0625	17
1630	69.5625	41.0625	17
1631	69.6875	41.0625	17
1632	69.8125	41.0625	17
1633	69.9375	41.0625	17
1634	70.0625	41.0625	17
1635	70.1875	41.0625	17
1636	70.3125	41.0625	17
1637	70.4375	41.0625	17
1638	70.5625	41.0625	17
1639	70.6875	41.0625	17
1640	70.8125	41.0625	17
1641	70.9375	41.0625	16
1642	71.0625	41.0625	16
1643	71.1875	41.0625	17
1644	71.3125	41.0625	9
1645	71.4375	41.0625	16
1646	71.5625	41.0625	9
1647	71.6875	41.0625	9
1648	71.8125	41.0625	9
1649	71.9375	41.0625	9
1650	72.0625	41.0625	9
1651	72.1875	41.0625	9
1652	72.3125	41.0625	17
1653	72.4375	41.0625	17
1654	72.5625	41.0625	17
1655	72.6875	41.0625	17
1656	72.8125	41.0625	9
1657	72.9375	41.0625	17
1658	73.0625	41.0625	17
1659	73.1875	41.0625	17
1660	73.3125	41.0625	17
1661	73.4375	41.0625	17
1662	73.5625	41.0625	17
1663	73.6875	41.0625	17
1664	73.8125	41.0625	17
1665	73.9375	41.0625	17
1666	74.0625	41.0625	17
1667	74.1875	41.0625	17
1668	74.3125	41.0625	17
1669	74.4375	41.0625	17
1670	74.5625	41.0625	17
1671	74.6875	41.0625	17
1672	74.8125	41.0625	17
1673	74.9375	41.0625	17
1674	75.0625	41.0625	17
1675	75.1875	41.0625	17
1676	75.3125	41.0625	17
1677	75.4375	41.0625	17
1678	75.5625	41.0625	17
1679	75.6875	41.0625	17
1680	75.8125	41.0625	17
1681	75.9375	41.0625	17
1682	76.0625	41.0625	24
1683	76.1875	41.0625	17
1684	76.3125	41.0625	17
1685	76.4375	41.0625	17
1686	65.6875	40.9375	16
1687	65.8125	40.9375	16
1688	65.9375	40.9375	16
1689	66.0625	40.9375	25
1690	66.1875	40.9375	25
1691	66.3125	40.9375	25
1692	66.4375	40.9375	25
1693	66.5625	40.9375	25
1694	66.6875	40.9375	25
1695	66.8125	40.9375	25
1696	66.9375	40.9375	25
1697	67.0625	40.9375	25
1698	67.1875	40.9375	25
1699	67.3125	40.9375	16
1700	67.4375	40.9375	16
1701	67.5625	40.9375	16
1702	67.6875	40.9375	16
1703	67.8125	40.9375	16
1704	67.9375	40.9375	25
1705	68.0625	40.9375	9
1706	68.1875	40.9375	9
1707	68.3125	40.9375	9
1708	68.4375	40.9375	9
1709	68.5625	40.9375	9
1710	68.6875	40.9375	17
1711	68.8125	40.9375	17
1712	68.9375	40.9375	17
1713	69.0625	40.9375	17
1714	69.1875	40.9375	9
1715	69.3125	40.9375	9
1716	69.4375	40.9375	9
1717	69.5625	40.9375	17
1718	69.6875	40.9375	17
1719	69.8125	40.9375	17
1720	69.9375	40.9375	17
1721	70.0625	40.9375	17
1722	70.1875	40.9375	17
1723	70.3125	40.9375	17
1724	70.4375	40.9375	17
1725	70.5625	40.9375	16
1726	70.6875	40.9375	16
1727	70.8125	40.9375	16
1728	70.9375	40.9375	16
1729	71.0625	40.9375	16
1730	71.1875	40.9375	9
1731	71.3125	40.9375	9
1732	71.4375	40.9375	9
1733	71.5625	40.9375	9
1734	71.6875	40.9375	17
1735	71.8125	40.9375	17
1736	71.9375	40.9375	17
1737	72.0625	40.9375	17
1738	72.1875	40.9375	17
1739	72.3125	40.9375	17
1740	72.4375	40.9375	17
1741	72.5625	40.9375	17
1742	72.6875	40.9375	17
1743	72.8125	40.9375	17
1744	72.9375	40.9375	17
1745	73.0625	40.9375	17
1746	73.1875	40.9375	17
1747	73.3125	40.9375	17
1748	73.4375	40.9375	17
1749	73.5625	40.9375	17
1750	73.6875	40.9375	17
1751	73.8125	40.9375	17
1752	73.9375	40.9375	17
1753	74.0625	40.9375	17
1754	74.1875	40.9375	17
1755	74.3125	40.9375	17
1756	74.4375	40.9375	17
1757	74.5625	40.9375	17
1758	74.6875	40.9375	17
1759	74.8125	40.9375	17
1760	74.9375	40.9375	17
1761	75.0625	40.9375	17
1762	75.1875	40.9375	17
1763	75.3125	40.9375	17
1764	75.4375	40.9375	17
1765	75.5625	40.9375	17
1766	75.6875	40.9375	24
1767	75.8125	40.9375	24
1768	65.6875	40.8125	17
1769	65.8125	40.8125	16
1770	65.9375	40.8125	16
1771	66.0625	40.8125	16
1772	66.1875	40.8125	16
1773	66.3125	40.8125	16
1774	66.4375	40.8125	16
1775	66.5625	40.8125	16
1776	66.6875	40.8125	16
1777	66.8125	40.8125	16
1778	66.9375	40.8125	25
1779	67.0625	40.8125	25
1780	67.1875	40.8125	25
1781	67.3125	40.8125	25
1782	67.4375	40.8125	25
1783	67.5625	40.8125	25
1784	67.6875	40.8125	16
1785	67.8125	40.8125	17
1786	67.9375	40.8125	17
1787	68.0625	40.8125	9
1788	68.1875	40.8125	9
1789	68.3125	40.8125	9
1790	68.4375	40.8125	9
1791	68.5625	40.8125	9
1792	68.6875	40.8125	17
1793	68.8125	40.8125	17
1794	68.9375	40.8125	17
1795	69.0625	40.8125	17
1796	69.1875	40.8125	17
1797	69.3125	40.8125	9
1798	69.4375	40.8125	17
1799	69.5625	40.8125	17
1800	69.6875	40.8125	17
1801	69.8125	40.8125	17
1802	69.9375	40.8125	17
1803	70.0625	40.8125	17
1804	70.1875	40.8125	17
1805	70.3125	40.8125	17
1806	70.4375	40.8125	16
1807	70.5625	40.8125	16
1808	70.6875	40.8125	16
1809	70.8125	40.8125	16
1810	70.9375	40.8125	17
1811	71.0625	40.8125	17
1812	71.1875	40.8125	17
1813	71.3125	40.8125	17
1814	71.4375	40.8125	17
1815	71.5625	40.8125	17
1816	71.6875	40.8125	17
1817	71.8125	40.8125	17
1818	71.9375	40.8125	17
1819	72.0625	40.8125	17
1820	72.1875	40.8125	17
1821	72.3125	40.8125	17
1822	72.4375	40.8125	17
1823	72.5625	40.8125	17
1824	72.6875	40.8125	17
1825	72.8125	40.8125	17
1826	72.9375	40.8125	17
1827	73.0625	40.8125	17
1828	73.1875	40.8125	17
1829	73.3125	40.8125	17
1830	73.4375	40.8125	17
1831	73.5625	40.8125	17
1832	73.6875	40.8125	17
1833	73.8125	40.8125	17
1834	73.9375	40.8125	17
1835	74.0625	40.8125	17
1836	74.1875	40.8125	17
1837	74.3125	40.8125	17
1838	74.4375	40.8125	17
1839	74.5625	40.8125	17
1840	74.6875	40.8125	17
1841	74.8125	40.8125	17
1842	74.9375	40.8125	17
1843	75.0625	40.8125	17
1844	75.1875	40.8125	17
1845	75.3125	40.8125	17
1846	75.4375	40.8125	17
1847	75.5625	40.8125	17
1848	65.8125	40.6875	16
1849	65.9375	40.6875	16
1850	66.0625	40.6875	17
1851	66.1875	40.6875	17
1852	66.3125	40.6875	17
1853	66.4375	40.6875	17
1854	66.5625	40.6875	17
1855	66.6875	40.6875	16
1856	66.8125	40.6875	16
1857	66.9375	40.6875	16
1858	67.0625	40.6875	16
1859	67.1875	40.6875	16
1860	67.3125	40.6875	25
1861	67.4375	40.6875	25
1862	67.5625	40.6875	25
1863	67.6875	40.6875	16
1864	67.8125	40.6875	16
1865	67.9375	40.6875	9
1866	68.0625	40.6875	9
1867	68.1875	40.6875	9
1868	68.3125	40.6875	9
1869	68.4375	40.6875	9
1870	68.5625	40.6875	9
1871	68.6875	40.6875	17
1872	68.8125	40.6875	17
1873	68.9375	40.6875	17
1874	69.0625	40.6875	17
1875	69.1875	40.6875	9
1876	69.3125	40.6875	9
1877	69.4375	40.6875	17
1878	69.5625	40.6875	17
1879	69.6875	40.6875	17
1880	69.8125	40.6875	17
1881	69.9375	40.6875	17
1882	70.0625	40.6875	17
1883	70.1875	40.6875	16
1884	70.3125	40.6875	16
1885	70.4375	40.6875	16
1886	70.5625	40.6875	9
1887	70.6875	40.6875	9
1888	70.8125	40.6875	17
1889	70.9375	40.6875	17
1890	71.0625	40.6875	17
1891	71.1875	40.6875	17
1892	71.3125	40.6875	9
1893	71.4375	40.6875	16
1894	71.5625	40.6875	9
1895	71.6875	40.6875	17
1896	71.8125	40.6875	17
1897	71.9375	40.6875	17
1898	72.0625	40.6875	17
1899	72.1875	40.6875	17
1900	72.3125	40.6875	17
1901	72.4375	40.6875	17
1902	72.5625	40.6875	17
1903	72.6875	40.6875	17
1904	72.8125	40.6875	17
1905	72.9375	40.6875	9
1906	73.0625	40.6875	9
1907	73.1875	40.6875	17
1908	73.3125	40.6875	17
1909	73.4375	40.6875	17
1910	73.5625	40.6875	17
1911	73.6875	40.6875	17
1912	73.8125	40.6875	17
1913	73.9375	40.6875	17
1914	74.0625	40.6875	17
1915	74.1875	40.6875	17
1916	74.3125	40.6875	17
1917	74.4375	40.6875	17
1918	74.5625	40.6875	17
1919	74.6875	40.6875	17
1920	74.8125	40.6875	17
1921	74.9375	40.6875	17
1922	75.0625	40.6875	17
1923	75.1875	40.6875	17
1924	75.3125	40.6875	25
1925	66.0625	40.5625	17
1926	66.3125	40.5625	17
1927	66.4375	40.5625	17
1928	66.5625	40.5625	17
1929	66.6875	40.5625	17
1930	66.8125	40.5625	17
1931	66.9375	40.5625	16
1932	67.0625	40.5625	16
1933	67.1875	40.5625	16
1934	67.3125	40.5625	17
1935	67.4375	40.5625	25
1936	67.5625	40.5625	25
1937	67.6875	40.5625	16
1938	67.8125	40.5625	17
1939	67.9375	40.5625	9
1940	68.0625	40.5625	9
1941	68.1875	40.5625	9
1942	68.3125	40.5625	9
1943	68.4375	40.5625	9
1944	68.5625	40.5625	17
1945	68.6875	40.5625	17
1946	68.8125	40.5625	17
1947	68.9375	40.5625	17
1948	69.0625	40.5625	17
1949	69.1875	40.5625	9
1950	69.3125	40.5625	9
1951	69.4375	40.5625	16
1952	69.5625	40.5625	16
1953	69.6875	40.5625	16
1954	69.8125	40.5625	16
1955	69.9375	40.5625	16
1956	70.0625	40.5625	16
1957	70.1875	40.5625	16
1958	70.3125	40.5625	20
1959	70.4375	40.5625	9
1960	70.5625	40.5625	9
1961	70.6875	40.5625	17
1962	70.8125	40.5625	17
1963	70.9375	40.5625	17
1964	71.0625	40.5625	17
1965	71.1875	40.5625	17
1966	71.3125	40.5625	17
1967	71.4375	40.5625	17
1968	71.5625	40.5625	17
1969	71.6875	40.5625	17
1970	71.8125	40.5625	17
1971	71.9375	40.5625	17
1972	72.0625	40.5625	17
1973	72.1875	40.5625	9
1974	72.3125	40.5625	17
1975	72.4375	40.5625	17
1976	72.5625	40.5625	17
1977	72.6875	40.5625	17
1978	72.8125	40.5625	17
1979	72.9375	40.5625	17
1980	73.0625	40.5625	17
1981	73.1875	40.5625	17
1982	73.3125	40.5625	17
1983	73.4375	40.5625	17
1984	73.5625	40.5625	17
1985	73.6875	40.5625	17
1986	73.8125	40.5625	17
1987	73.9375	40.5625	17
1988	74.0625	40.5625	17
1989	74.1875	40.5625	17
1990	74.3125	40.5625	17
1991	74.4375	40.5625	17
1992	74.5625	40.5625	24
1993	74.6875	40.5625	24
1994	74.8125	40.5625	17
1995	74.9375	40.5625	17
1996	75.0625	40.5625	17
1997	75.1875	40.5625	17
1998	66.5625	40.4375	17
1999	66.6875	40.4375	17
2000	66.8125	40.4375	17
2001	66.9375	40.4375	17
2002	67.0625	40.4375	17
2003	67.1875	40.4375	16
2004	67.3125	40.4375	16
2005	67.4375	40.4375	16
2006	67.5625	40.4375	16
2007	67.6875	40.4375	17
2008	67.8125	40.4375	9
2009	67.9375	40.4375	9
2010	68.0625	40.4375	9
2011	68.1875	40.4375	9
2012	68.3125	40.4375	9
2013	68.4375	40.4375	9
2014	68.5625	40.4375	9
2015	68.6875	40.4375	17
2016	68.8125	40.4375	17
2017	68.9375	40.4375	17
2018	69.0625	40.4375	17
2019	69.1875	40.4375	17
2020	69.3125	40.4375	9
2021	69.4375	40.4375	16
2022	69.5625	40.4375	16
2023	69.6875	40.4375	16
2024	69.8125	40.4375	16
2025	69.9375	40.4375	16
2026	70.0625	40.4375	17
2027	70.1875	40.4375	20
2028	70.3125	40.4375	20
2029	70.4375	40.4375	9
2030	70.5625	40.4375	17
2031	70.6875	40.4375	17
2032	70.8125	40.4375	17
2033	70.9375	40.4375	17
2034	71.0625	40.4375	17
2035	71.1875	40.4375	17
2036	71.3125	40.4375	17
2037	71.4375	40.4375	9
2038	71.5625	40.4375	9
2039	71.6875	40.4375	16
2040	71.8125	40.4375	17
2041	71.9375	40.4375	17
2042	72.0625	40.4375	16
2043	72.1875	40.4375	16
2044	72.3125	40.4375	17
2045	72.4375	40.4375	17
2046	72.5625	40.4375	17
2047	72.6875	40.4375	17
2048	72.8125	40.4375	17
2049	72.9375	40.4375	17
2050	73.0625	40.4375	17
2051	73.1875	40.4375	17
2052	73.3125	40.4375	17
2053	73.4375	40.4375	17
2054	73.5625	40.4375	17
2055	73.6875	40.4375	17
2056	73.8125	40.4375	17
2057	73.9375	40.4375	17
2058	74.0625	40.4375	17
2059	74.1875	40.4375	17
2060	74.3125	40.4375	17
2061	74.4375	40.4375	17
2062	74.5625	40.4375	17
2063	74.6875	40.4375	17
2064	74.8125	40.4375	17
2065	74.9375	40.4375	20
2066	75.0625	40.4375	24
2067	75.1875	40.4375	24
2068	67.0625	40.3125	17
2069	67.1875	40.3125	17
2070	67.3125	40.3125	17
2071	67.4375	40.3125	17
2072	67.5625	40.3125	16
2073	67.6875	40.3125	17
2074	67.8125	40.3125	9
2075	67.9375	40.3125	9
2076	68.0625	40.3125	9
2077	68.1875	40.3125	9
2078	68.3125	40.3125	9
2079	68.4375	40.3125	9
2080	68.5625	40.3125	9
2081	68.6875	40.3125	9
2082	68.8125	40.3125	17
2083	68.9375	40.3125	17
2084	69.0625	40.3125	17
2085	69.1875	40.3125	17
2086	69.3125	40.3125	9
2087	69.4375	40.3125	16
2088	69.5625	40.3125	16
2089	69.6875	40.3125	16
2090	69.8125	40.3125	9
2091	69.9375	40.3125	25
2092	70.0625	40.3125	25
2093	70.1875	40.3125	25
2094	70.3125	40.3125	9
2095	70.4375	40.3125	9
2096	70.5625	40.3125	16
2097	70.6875	40.3125	16
2098	70.8125	40.3125	16
2099	70.9375	40.3125	16
2100	71.0625	40.3125	16
2101	71.1875	40.3125	16
2102	71.3125	40.3125	16
2103	71.4375	40.3125	16
2104	71.5625	40.3125	16
2105	71.6875	40.3125	16
2106	71.8125	40.3125	9
2107	71.9375	40.3125	16
2108	72.0625	40.3125	16
2109	72.1875	40.3125	17
2110	72.3125	40.3125	17
2111	72.4375	40.3125	17
2112	72.5625	40.3125	17
2113	72.6875	40.3125	17
2114	72.8125	40.3125	17
2115	72.9375	40.3125	17
2116	73.0625	40.3125	17
2117	73.1875	40.3125	17
2118	73.3125	40.3125	17
2119	73.4375	40.3125	17
2120	73.5625	40.3125	17
2121	73.6875	40.3125	17
2122	73.8125	40.3125	17
2123	73.9375	40.3125	17
2124	74.0625	40.3125	17
2125	74.1875	40.3125	17
2126	74.3125	40.3125	17
2127	74.4375	40.3125	17
2128	74.5625	40.3125	17
2129	74.6875	40.3125	17
2130	74.8125	40.3125	24
2131	74.9375	40.3125	17
2132	67.4375	40.1875	16
2133	67.5625	40.1875	17
2134	67.6875	40.1875	17
2135	67.8125	40.1875	9
2136	67.9375	40.1875	9
2137	68.0625	40.1875	9
2138	68.1875	40.1875	9
2139	68.3125	40.1875	9
2140	68.4375	40.1875	9
2141	68.5625	40.1875	9
2142	68.6875	40.1875	9
2143	68.8125	40.1875	9
2144	68.9375	40.1875	9
2145	69.0625	40.1875	9
2146	69.1875	40.1875	9
2147	69.3125	40.1875	9
2148	69.4375	40.1875	9
2149	69.5625	40.1875	9
2150	69.6875	40.1875	9
2151	69.8125	40.1875	9
2152	69.9375	40.1875	16
2153	70.0625	40.1875	16
2154	70.1875	40.1875	16
2155	70.3125	40.1875	16
2156	70.4375	40.1875	16
2157	70.5625	40.1875	16
2158	70.6875	40.1875	16
2159	70.8125	40.1875	16
2160	70.9375	40.1875	16
2161	71.0625	40.1875	16
2162	71.1875	40.1875	16
2163	71.3125	40.1875	16
2164	71.4375	40.1875	16
2165	71.5625	40.1875	16
2166	71.6875	40.1875	16
2167	71.8125	40.1875	16
2168	71.9375	40.1875	17
2169	72.0625	40.1875	17
2170	72.1875	40.1875	17
2171	72.3125	40.1875	17
2172	72.4375	40.1875	14
2173	72.5625	40.1875	17
2174	72.6875	40.1875	17
2175	72.8125	40.1875	17
2176	72.9375	40.1875	17
2177	73.0625	40.1875	17
2178	73.1875	40.1875	17
2179	73.3125	40.1875	17
2180	73.4375	40.1875	17
2181	73.5625	40.1875	17
2182	73.6875	40.1875	17
2183	73.8125	40.1875	17
2184	73.9375	40.1875	17
2185	74.0625	40.1875	17
2186	74.1875	40.1875	17
2187	74.3125	40.1875	17
2188	74.4375	40.1875	17
2189	74.5625	40.1875	17
2190	67.3125	40.0625	9
2191	67.4375	40.0625	9
2192	67.5625	40.0625	9
2193	67.6875	40.0625	17
2194	67.8125	40.0625	17
2195	67.9375	40.0625	9
2196	68.0625	40.0625	9
2197	68.1875	40.0625	9
2198	68.3125	40.0625	9
2199	68.4375	40.0625	9
2200	68.5625	40.0625	9
2201	68.6875	40.0625	9
2202	68.8125	40.0625	9
2203	68.9375	40.0625	9
2204	69.0625	40.0625	9
2205	69.1875	40.0625	9
2206	69.3125	40.0625	9
2207	69.4375	40.0625	9
2208	69.5625	40.0625	17
2209	69.6875	40.0625	17
2210	69.8125	40.0625	16
2211	69.9375	40.0625	17
2212	70.0625	40.0625	17
2213	70.1875	40.0625	17
2214	70.3125	40.0625	16
2215	70.4375	40.0625	16
2216	70.5625	40.0625	16
2217	70.6875	40.0625	16
2218	70.8125	40.0625	16
2219	70.9375	40.0625	16
2220	71.0625	40.0625	17
2221	71.1875	40.0625	17
2222	71.3125	40.0625	17
2223	71.4375	40.0625	17
2224	71.5625	40.0625	17
2225	71.6875	40.0625	17
2226	71.8125	40.0625	17
2227	71.9375	40.0625	17
2228	72.0625	40.0625	17
2229	72.1875	40.0625	17
2230	72.3125	40.0625	17
2231	72.4375	40.0625	14
2232	72.5625	40.0625	14
2233	72.6875	40.0625	17
2234	72.8125	40.0625	17
2235	72.9375	40.0625	17
2236	73.0625	40.0625	17
2237	73.1875	40.0625	17
2238	73.3125	40.0625	17
2239	73.4375	40.0625	17
2240	73.5625	40.0625	17
2241	73.6875	40.0625	17
2242	73.8125	40.0625	17
2243	73.9375	40.0625	24
2244	74.0625	40.0625	24
2245	74.1875	40.0625	24
2246	74.3125	40.0625	17
2247	74.4375	40.0625	20
2248	67.3125	39.9375	17
2249	67.4375	39.9375	9
2250	67.5625	39.9375	9
2251	67.6875	39.9375	9
2252	67.8125	39.9375	17
2253	67.9375	39.9375	17
2254	68.0625	39.9375	17
2255	68.1875	39.9375	17
2256	68.3125	39.9375	17
2257	68.4375	39.9375	9
2258	68.5625	39.9375	17
2259	68.6875	39.9375	17
2260	68.8125	39.9375	9
2261	68.9375	39.9375	9
2262	69.0625	39.9375	9
2263	69.1875	39.9375	17
2264	69.3125	39.9375	17
2265	69.4375	39.9375	17
2266	69.5625	39.9375	17
2267	69.6875	39.9375	17
2268	69.8125	39.9375	17
2269	69.9375	39.9375	17
2270	70.0625	39.9375	17
2271	70.1875	39.9375	17
2272	70.3125	39.9375	16
2273	70.4375	39.9375	16
2274	70.5625	39.9375	17
2275	70.6875	39.9375	17
2276	70.8125	39.9375	17
2277	70.9375	39.9375	17
2278	71.0625	39.9375	17
2279	71.1875	39.9375	17
2280	71.3125	39.9375	17
2281	71.4375	39.9375	17
2282	71.5625	39.9375	17
2283	71.6875	39.9375	17
2284	71.8125	39.9375	17
2285	71.9375	39.9375	17
2286	72.0625	39.9375	17
2287	72.1875	39.9375	17
2288	72.3125	39.9375	17
2289	72.4375	39.9375	24
2290	72.5625	39.9375	24
2291	72.6875	39.9375	24
2292	72.8125	39.9375	17
2293	72.9375	39.9375	17
2294	73.0625	39.9375	17
2295	73.1875	39.9375	17
2296	73.3125	39.9375	17
2297	73.4375	39.9375	17
2298	73.5625	39.9375	17
2299	73.6875	39.9375	17
2300	67.4375	39.8125	9
2301	67.5625	39.8125	9
2302	67.6875	39.8125	9
2303	67.8125	39.8125	17
2304	67.9375	39.8125	17
2305	68.0625	39.8125	17
2306	68.1875	39.8125	17
2307	68.3125	39.8125	17
2308	68.4375	39.8125	17
2309	68.5625	39.8125	17
2310	68.6875	39.8125	17
2311	68.8125	39.8125	17
2312	68.9375	39.8125	17
2313	69.0625	39.8125	17
2314	69.1875	39.8125	17
2315	69.3125	39.8125	17
2316	69.4375	39.8125	17
2317	69.5625	39.8125	17
2318	69.6875	39.8125	17
2319	69.8125	39.8125	17
2320	69.9375	39.8125	17
2321	70.0625	39.8125	17
2322	70.1875	39.8125	17
2323	70.3125	39.8125	17
2324	70.4375	39.8125	17
2325	70.5625	39.8125	17
2326	70.6875	39.8125	17
2327	70.8125	39.8125	17
2328	70.9375	39.8125	17
2329	71.0625	39.8125	17
2330	71.1875	39.8125	17
2331	71.3125	39.8125	17
2332	71.4375	39.8125	17
2333	71.5625	39.8125	17
2334	71.6875	39.8125	24
2335	71.8125	39.8125	24
2336	71.9375	39.8125	17
2337	72.0625	39.8125	17
2338	72.1875	39.8125	17
2339	72.3125	39.8125	24
2340	72.4375	39.8125	24
2341	72.5625	39.8125	24
2342	72.6875	39.8125	24
2343	72.8125	39.8125	24
2344	72.9375	39.8125	17
2345	73.0625	39.8125	17
2346	73.1875	39.8125	17
2347	73.3125	39.8125	17
2348	73.4375	39.8125	17
2349	73.5625	39.8125	17
2350	67.6875	39.6875	17
2351	67.8125	39.6875	17
2352	67.9375	39.6875	17
2353	68.0625	39.6875	17
2354	68.1875	39.6875	17
2355	68.3125	39.6875	17
2356	68.4375	39.6875	17
2357	68.5625	39.6875	17
2358	68.6875	39.6875	17
2359	68.8125	39.6875	17
2360	68.9375	39.6875	17
2361	69.0625	39.6875	17
2362	69.1875	39.6875	17
2363	69.3125	39.6875	17
2364	69.4375	39.6875	17
2365	69.5625	39.6875	17
2366	69.6875	39.6875	17
2367	69.8125	39.6875	17
2368	69.9375	39.6875	17
2369	70.0625	39.6875	17
2370	70.1875	39.6875	17
2371	70.3125	39.6875	17
2372	70.4375	39.6875	17
2373	70.5625	39.6875	24
2374	70.6875	39.6875	17
2375	70.8125	39.6875	17
2376	70.9375	39.6875	17
2377	71.0625	39.6875	17
2378	71.1875	39.6875	17
2379	71.3125	39.6875	24
2380	71.4375	39.6875	24
2381	71.5625	39.6875	24
2382	71.6875	39.6875	24
2383	71.8125	39.6875	24
2384	71.9375	39.6875	17
2385	72.0625	39.6875	17
2386	72.1875	39.6875	17
2387	72.3125	39.6875	20
2388	72.4375	39.6875	17
2389	67.9375	39.5625	17
2390	68.0625	39.5625	17
2391	68.1875	39.5625	17
2392	68.3125	39.5625	17
2393	68.4375	39.5625	17
2394	68.5625	39.5625	17
2395	68.6875	39.5625	17
2396	68.8125	39.5625	17
2397	68.9375	39.5625	17
2398	69.0625	39.5625	17
2399	69.1875	39.5625	17
2400	69.3125	39.5625	17
2401	69.4375	39.5625	24
2402	69.5625	39.5625	24
2403	69.6875	39.5625	24
2404	69.8125	39.5625	24
2405	69.9375	39.5625	24
2406	70.0625	39.5625	24
2407	70.1875	39.5625	24
2408	70.3125	39.5625	24
2409	70.4375	39.5625	24
2410	70.5625	39.5625	24
2411	70.6875	39.5625	24
2412	70.8125	39.5625	24
2413	70.9375	39.5625	17
2414	71.0625	39.5625	17
2415	71.1875	39.5625	24
2416	71.3125	39.5625	24
2417	71.4375	39.5625	24
2418	71.5625	39.5625	24
2419	68.8125	39.4375	17
2420	68.9375	39.4375	17
2421	69.0625	39.4375	17
2422	69.1875	39.4375	17
2423	70.6875	39.4375	24
2424	70.8125	39.4375	24
2425	70.9375	39.4375	24
2426	71.0625	39.4375	24
