ID	X	Y	dem
1	62.9375	46.6875	95
2	63.3125	46.6875	104
3	63.4375	46.6875	155
4	63.5625	46.6875	169
5	63.6875	46.6875	156
6	63.8125	46.6875	170
7	62.3125	46.5625	73
8	62.4375	46.5625	77
9	62.5625	46.5625	71
10	62.6875	46.5625	83
11	62.8125	46.5625	90
12	62.9375	46.5625	93
13	63.0625	46.5625	117
14	63.1875	46.5625	127
15	63.3125	46.5625	105
16	63.4375	46.5625	150
17	63.5625	46.5625	163
18	63.6875	46.5625	170
19	63.8125	46.5625	210
20	63.9375	46.5625	204
21	64.0625	46.5625	179
22	62.1875	46.4375	66
23	62.3125	46.4375	73
24	62.4375	46.4375	69
25	62.5625	46.4375	69
26	62.6875	46.4375	85
27	62.8125	46.4375	84
28	62.9375	46.4375	90
29	63.0625	46.4375	96
30	63.1875	46.4375	110
31	63.3125	46.4375	105
32	63.4375	46.4375	106
33	63.5625	46.4375	134
34	63.6875	46.4375	150
35	63.8125	46.4375	148
36	63.9375	46.4375	186
37	64.0625	46.4375	191
38	64.1875	46.4375	211
39	64.3125	46.4375	208
40	64.4375	46.4375	173
41	64.5625	46.4375	152
42	61.6875	46.3125	81
43	61.8125	46.3125	72
44	61.9375	46.3125	61
45	62.0625	46.3125	62
46	62.1875	46.3125	67
47	62.3125	46.3125	69
48	62.4375	46.3125	65
49	62.5625	46.3125	74
50	62.6875	46.3125	75
51	62.8125	46.3125	80
52	62.9375	46.3125	85
53	63.0625	46.3125	99
54	63.1875	46.3125	96
55	63.3125	46.3125	100
56	63.4375	46.3125	94
57	63.5625	46.3125	100
58	63.6875	46.3125	104
59	63.8125	46.3125	132
60	63.9375	46.3125	163
61	64.0625	46.3125	183
62	64.1875	46.3125	183
63	64.3125	46.3125	168
64	64.4375	46.3125	143
65	64.5625	46.3125	134
66	64.6875	46.3125	171
67	64.8125	46.3125	153
68	61.1875	46.1875	35
69	61.3125	46.1875	58
70	61.4375	46.1875	64
71	61.5625	46.1875	72
72	61.6875	46.1875	65
73	61.8125	46.1875	54
74	61.9375	46.1875	59
75	62.0625	46.1875	66
76	62.1875	46.1875	68
77	62.3125	46.1875	67
78	62.4375	46.1875	68
79	62.5625	46.1875	80
80	62.6875	46.1875	79
81	62.8125	46.1875	84
82	62.9375	46.1875	94
83	63.0625	46.1875	88
84	63.1875	46.1875	89
85	63.3125	46.1875	93
86	63.4375	46.1875	91
87	63.5625	46.1875	86
88	63.6875	46.1875	87
89	63.8125	46.1875	97
90	63.9375	46.1875	96
91	64.0625	46.1875	109
92	64.1875	46.1875	133
93	64.3125	46.1875	134
94	64.4375	46.1875	108
95	64.5625	46.1875	106
96	64.6875	46.1875	195
97	64.8125	46.1875	210
98	60.8125	46.0625	25
99	60.9375	46.0625	33
100	61.0625	46.0625	44
101	61.1875	46.0625	53
102	61.3125	46.0625	51
103	61.4375	46.0625	56
104	61.5625	46.0625	54
105	61.6875	46.0625	51
106	61.8125	46.0625	74
107	61.9375	46.0625	60
108	62.0625	46.0625	60
109	62.1875	46.0625	63
110	62.3125	46.0625	60
111	62.4375	46.0625	72
112	62.5625	46.0625	79
113	62.6875	46.0625	78
114	62.8125	46.0625	80
115	62.9375	46.0625	99
116	63.0625	46.0625	100
117	63.1875	46.0625	99
118	63.3125	46.0625	92
119	63.4375	46.0625	89
120	63.5625	46.0625	90
121	63.6875	46.0625	87
122	63.8125	46.0625	89
123	63.9375	46.0625	89
124	64.0625	46.0625	92
125	64.1875	46.0625	90
126	64.3125	46.0625	90
127	64.4375	46.0625	92
128	64.5625	46.0625	98
129	64.6875	46.0625	174
130	64.8125	46.0625	190
131	61.0625	45.9375	42
132	61.1875	45.9375	52
133	61.3125	45.9375	56
134	61.4375	45.9375	64
135	61.5625	45.9375	55
136	61.6875	45.9375	60
137	61.8125	45.9375	55
138	61.9375	45.9375	60
139	62.0625	45.9375	59
140	62.1875	45.9375	61
141	62.3125	45.9375	65
142	62.4375	45.9375	73
143	62.5625	45.9375	75
144	62.6875	45.9375	78
145	62.8125	45.9375	81
146	62.9375	45.9375	97
147	63.0625	45.9375	98
148	63.1875	45.9375	101
149	63.3125	45.9375	103
150	63.4375	45.9375	102
151	63.5625	45.9375	95
152	63.6875	45.9375	93
153	63.8125	45.9375	102
154	63.9375	45.9375	111
155	64.0625	45.9375	124
156	64.1875	45.9375	132
157	64.3125	45.9375	130
158	64.4375	45.9375	106
159	64.5625	45.9375	97
160	64.6875	45.9375	139
161	64.8125	45.9375	145
162	65.1875	45.9375	175
163	61.5625	45.8125	55
164	61.6875	45.8125	53
165	61.8125	45.8125	57
166	61.9375	45.8125	60
167	62.0625	45.8125	62
168	62.1875	45.8125	61
169	62.3125	45.8125	64
170	62.4375	45.8125	68
171	62.5625	45.8125	68
172	62.6875	45.8125	80
173	62.8125	45.8125	86
174	62.9375	45.8125	92
175	63.0625	45.8125	96
176	63.1875	45.8125	97
177	63.3125	45.8125	97
178	63.4375	45.8125	102
179	63.5625	45.8125	105
180	63.6875	45.8125	99
181	63.8125	45.8125	98
182	63.9375	45.8125	93
183	64.0625	45.8125	96
184	64.1875	45.8125	99
185	64.3125	45.8125	103
186	64.4375	45.8125	101
187	64.5625	45.8125	100
188	64.6875	45.8125	111
189	64.8125	45.8125	130
190	64.9375	45.8125	140
191	65.0625	45.8125	158
192	65.1875	45.8125	160
193	61.6875	45.6875	60
194	61.8125	45.6875	56
195	61.9375	45.6875	56
196	62.0625	45.6875	59
197	62.1875	45.6875	64
198	62.3125	45.6875	66
199	62.4375	45.6875	70
200	62.5625	45.6875	75
201	62.6875	45.6875	73
202	62.8125	45.6875	76
203	62.9375	45.6875	81
204	63.0625	45.6875	84
205	63.1875	45.6875	94
206	63.3125	45.6875	94
207	63.4375	45.6875	85
208	63.5625	45.6875	96
209	63.6875	45.6875	95
210	63.8125	45.6875	86
211	63.9375	45.6875	91
212	64.0625	45.6875	96
213	64.1875	45.6875	105
214	64.3125	45.6875	101
215	64.4375	45.6875	99
216	64.5625	45.6875	99
217	64.6875	45.6875	101
218	64.8125	45.6875	104
219	64.9375	45.6875	113
220	65.0625	45.6875	113
221	65.1875	45.6875	115
222	65.3125	45.6875	111
223	65.5625	45.6875	127
224	65.6875	45.6875	136
225	66.3125	45.6875	114
226	66.4375	45.6875	124
227	66.5625	45.6875	167
228	61.6875	45.5625	57
229	61.8125	45.5625	57
230	61.9375	45.5625	56
231	62.5625	45.5625	77
232	62.6875	45.5625	82
233	62.8125	45.5625	82
234	62.9375	45.5625	85
235	63.0625	45.5625	88
236	63.1875	45.5625	85
237	63.3125	45.5625	88
238	63.4375	45.5625	89
239	63.5625	45.5625	92
240	63.6875	45.5625	100
241	63.8125	45.5625	95
242	63.9375	45.5625	93
243	64.0625	45.5625	115
244	64.1875	45.5625	113
245	64.3125	45.5625	95
246	64.4375	45.5625	100
247	64.5625	45.5625	101
248	64.6875	45.5625	104
249	64.8125	45.5625	102
250	64.9375	45.5625	104
251	65.0625	45.5625	107
252	65.1875	45.5625	108
253	65.3125	45.5625	108
254	65.4375	45.5625	113
255	65.5625	45.5625	134
256	65.6875	45.5625	138
257	65.8125	45.5625	134
258	66.0625	45.5625	150
259	66.1875	45.5625	156
260	66.3125	45.5625	159
261	66.4375	45.5625	160
262	66.5625	45.5625	160
263	62.9375	45.4375	82
264	63.0625	45.4375	82
265	63.8125	45.4375	94
266	63.9375	45.4375	92
267	64.0625	45.4375	93
268	64.1875	45.4375	92
269	64.3125	45.4375	98
270	64.4375	45.4375	98
271	64.5625	45.4375	99
272	64.6875	45.4375	105
273	64.8125	45.4375	106
274	64.9375	45.4375	107
275	65.0625	45.4375	109
276	65.1875	45.4375	111
277	65.3125	45.4375	112
278	65.4375	45.4375	113
279	65.5625	45.4375	113
280	65.6875	45.4375	119
281	65.8125	45.4375	129
282	65.9375	45.4375	118
283	66.0625	45.4375	132
284	66.1875	45.4375	141
285	66.3125	45.4375	146
286	66.4375	45.4375	147
287	66.5625	45.4375	144
288	66.6875	45.4375	141
289	63.8125	45.3125	95
290	63.9375	45.3125	97
291	64.0625	45.3125	100
292	64.1875	45.3125	97
293	64.3125	45.3125	99
294	64.4375	45.3125	98
295	64.5625	45.3125	103
296	64.6875	45.3125	106
297	64.8125	45.3125	106
298	64.9375	45.3125	108
299	65.0625	45.3125	107
300	65.1875	45.3125	108
301	65.3125	45.3125	112
302	65.4375	45.3125	113
303	65.5625	45.3125	115
304	65.6875	45.3125	115
305	65.8125	45.3125	114
306	65.9375	45.3125	118
307	66.0625	45.3125	118
308	66.1875	45.3125	120
309	66.3125	45.3125	124
310	66.4375	45.3125	127
311	66.5625	45.3125	131
312	64.0625	45.1875	98
313	64.1875	45.1875	100
314	64.3125	45.1875	100
315	64.4375	45.1875	101
316	64.5625	45.1875	103
317	64.6875	45.1875	105
318	64.8125	45.1875	107
319	64.9375	45.1875	108
320	65.0625	45.1875	111
321	65.1875	45.1875	112
322	65.3125	45.1875	113
323	65.4375	45.1875	117
324	65.5625	45.1875	117
325	65.6875	45.1875	119
326	65.8125	45.1875	119
327	65.9375	45.1875	122
328	66.0625	45.1875	123
329	66.1875	45.1875	123
330	66.3125	45.1875	123
331	66.4375	45.1875	121
332	66.5625	45.1875	123
333	64.3125	45.0625	104
334	64.4375	45.0625	104
335	64.5625	45.0625	103
336	64.6875	45.0625	105
337	64.8125	45.0625	110
338	64.9375	45.0625	113
339	65.0625	45.0625	114
340	65.1875	45.0625	117
341	65.3125	45.0625	119
342	65.4375	45.0625	118
343	65.5625	45.0625	119
344	65.6875	45.0625	120
345	65.8125	45.0625	122
346	65.9375	45.0625	123
347	66.0625	45.0625	125
348	66.1875	45.0625	127
349	66.3125	45.0625	127
350	66.4375	45.0625	124
351	66.5625	45.0625	127
352	66.6875	45.0625	129
353	64.5625	44.9375	107
354	64.6875	44.9375	111
355	64.8125	44.9375	111
356	64.9375	44.9375	113
357	65.0625	44.9375	114
358	65.1875	44.9375	114
359	65.3125	44.9375	115
360	65.4375	44.9375	116
361	65.5625	44.9375	119
362	65.6875	44.9375	122
363	65.8125	44.9375	124
364	65.9375	44.9375	126
365	66.0625	44.9375	127
366	66.1875	44.9375	130
367	66.3125	44.9375	131
368	66.4375	44.9375	131
369	66.5625	44.9375	130
370	66.6875	44.9375	131
371	66.8125	44.9375	131
372	64.8125	44.8125	112
373	65.3125	44.8125	120
374	65.4375	44.8125	121
375	65.5625	44.8125	120
376	65.6875	44.8125	123
377	65.8125	44.8125	125
378	65.9375	44.8125	126
379	66.0625	44.8125	127
380	66.1875	44.8125	131
381	66.3125	44.8125	133
382	66.4375	44.8125	135
383	66.5625	44.8125	135
384	66.6875	44.8125	132
385	66.8125	44.8125	143
386	66.9375	44.8125	150
387	67.0625	44.8125	148
388	65.4375	44.6875	124
389	65.5625	44.6875	124
390	65.6875	44.6875	125
391	65.8125	44.6875	122
392	65.9375	44.6875	128
393	66.0625	44.6875	131
394	66.1875	44.6875	131
395	66.3125	44.6875	134
396	66.4375	44.6875	135
397	66.5625	44.6875	137
398	66.6875	44.6875	137
399	66.8125	44.6875	136
400	66.9375	44.6875	166
401	67.0625	44.6875	235
402	67.1875	44.6875	248
403	65.6875	44.5625	128
404	65.8125	44.5625	131
405	65.9375	44.5625	126
406	66.0625	44.5625	135
407	66.1875	44.5625	135
408	66.3125	44.5625	134
409	66.4375	44.5625	136
410	66.5625	44.5625	138
411	66.6875	44.5625	140
412	66.8125	44.5625	141
413	66.9375	44.5625	165
414	67.0625	44.5625	319
415	67.1875	44.5625	437
416	67.3125	44.5625	458
417	65.8125	44.4375	132
418	65.9375	44.4375	131
419	66.0625	44.4375	131
420	66.1875	44.4375	132
421	66.3125	44.4375	138
422	66.4375	44.4375	139
423	66.5625	44.4375	141
424	66.6875	44.4375	143
425	66.8125	44.4375	154
426	66.9375	44.4375	247
427	67.0625	44.4375	257
428	67.1875	44.4375	303
429	67.3125	44.4375	517
430	67.4375	44.4375	583
431	66.0625	44.3125	142
432	66.1875	44.3125	141
433	66.3125	44.3125	133
434	66.4375	44.3125	137
435	66.5625	44.3125	141
436	66.6875	44.3125	144
437	66.8125	44.3125	155
438	66.9375	44.3125	187
439	67.0625	44.3125	154
440	67.1875	44.3125	209
441	67.3125	44.3125	351
442	67.4375	44.3125	515
443	67.5625	44.3125	567
444	67.6875	44.3125	613
445	67.8125	44.3125	345
446	66.1875	44.1875	141
447	66.3125	44.1875	143
448	66.4375	44.1875	137
449	66.5625	44.1875	143
450	66.6875	44.1875	148
451	66.8125	44.1875	150
452	66.9375	44.1875	152
453	67.0625	44.1875	154
454	67.1875	44.1875	177
455	67.3125	44.1875	255
456	67.4375	44.1875	338
457	67.5625	44.1875	448
458	67.6875	44.1875	584
459	67.8125	44.1875	800
460	67.9375	44.1875	584
461	66.3125	44.0625	142
462	66.4375	44.0625	145
463	66.5625	44.0625	143
464	66.6875	44.0625	150
465	66.8125	44.0625	153
466	66.9375	44.0625	152
467	67.0625	44.0625	155
468	67.1875	44.0625	169
469	67.3125	44.0625	204
470	67.4375	44.0625	290
471	67.5625	44.0625	413
472	67.6875	44.0625	600
473	67.8125	44.0625	727
474	67.9375	44.0625	907
475	68.0625	44.0625	881
476	66.4375	43.9375	147
477	66.5625	43.9375	145
478	66.6875	43.9375	146
479	66.8125	43.9375	148
480	66.9375	43.9375	152
481	67.0625	43.9375	153
482	67.1875	43.9375	157
483	67.3125	43.9375	183
484	67.4375	43.9375	242
485	67.5625	43.9375	330
486	67.6875	43.9375	501
487	67.8125	43.9375	637
488	67.9375	43.9375	668
489	68.0625	43.9375	809
490	68.1875	43.9375	927
491	68.3125	43.9375	1071
492	66.5625	43.8125	150
493	66.6875	43.8125	151
494	66.8125	43.8125	152
495	66.9375	43.8125	155
496	67.0625	43.8125	160
497	67.1875	43.8125	157
498	67.3125	43.8125	170
499	67.4375	43.8125	205
500	67.5625	43.8125	238
501	67.6875	43.8125	348
502	67.8125	43.8125	498
503	67.9375	43.8125	643
504	68.0625	43.8125	696
505	68.1875	43.8125	752
506	68.3125	43.8125	1017
507	68.4375	43.8125	1281
508	68.5625	43.8125	1423
509	68.6875	43.8125	1364
510	66.5625	43.6875	151
511	66.6875	43.6875	152
512	66.8125	43.6875	152
513	66.9375	43.6875	156
514	67.0625	43.6875	159
515	67.1875	43.6875	163
516	67.3125	43.6875	162
517	67.4375	43.6875	170
518	67.5625	43.6875	217
519	67.6875	43.6875	287
520	67.8125	43.6875	318
521	67.9375	43.6875	354
522	68.0625	43.6875	464
523	68.1875	43.6875	575
524	68.3125	43.6875	739
525	68.4375	43.6875	893
526	68.5625	43.6875	976
527	68.6875	43.6875	1102
528	68.8125	43.6875	1085
529	68.9375	43.6875	873
530	66.8125	43.5625	158
531	66.9375	43.5625	158
532	67.0625	43.5625	162
533	67.1875	43.5625	164
534	67.3125	43.5625	167
535	67.4375	43.5625	164
536	67.5625	43.5625	182
537	67.6875	43.5625	214
538	67.8125	43.5625	228
539	67.9375	43.5625	269
540	68.0625	43.5625	323
541	68.1875	43.5625	370
542	68.3125	43.5625	442
543	68.4375	43.5625	526
544	68.5625	43.5625	608
545	68.6875	43.5625	745
546	68.8125	43.5625	928
547	68.9375	43.5625	925
548	69.0625	43.5625	876
549	66.9375	43.4375	167
550	67.0625	43.4375	165
551	67.1875	43.4375	165
552	67.3125	43.4375	165
553	67.4375	43.4375	169
554	67.5625	43.4375	163
555	67.6875	43.4375	180
556	67.8125	43.4375	194
557	67.9375	43.4375	216
558	68.0625	43.4375	240
559	68.1875	43.4375	254
560	68.3125	43.4375	285
561	68.4375	43.4375	342
562	68.5625	43.4375	407
563	68.6875	43.4375	474
564	68.8125	43.4375	550
565	68.9375	43.4375	618
566	69.0625	43.4375	720
567	69.1875	43.4375	768
568	69.3125	43.4375	727
569	69.4375	43.4375	679
570	69.5625	43.4375	690
571	69.6875	43.4375	786
572	67.0625	43.3125	175
573	67.1875	43.3125	169
574	67.3125	43.3125	167
575	67.4375	43.3125	171
576	67.5625	43.3125	172
577	67.6875	43.3125	169
578	67.8125	43.3125	173
579	67.9375	43.3125	189
580	68.0625	43.3125	199
581	68.1875	43.3125	208
582	68.3125	43.3125	223
583	68.4375	43.3125	246
584	68.5625	43.3125	288
585	68.6875	43.3125	326
586	68.8125	43.3125	387
587	68.9375	43.3125	396
588	69.0625	43.3125	410
589	69.1875	43.3125	467
590	69.3125	43.3125	560
591	69.4375	43.3125	571
592	69.5625	43.3125	604
593	69.6875	43.3125	862
594	69.8125	43.3125	983
595	69.9375	43.3125	1005
596	67.0625	43.1875	176
597	67.1875	43.1875	172
598	67.3125	43.1875	173
599	67.4375	43.1875	174
600	67.5625	43.1875	176
601	67.6875	43.1875	176
602	67.8125	43.1875	174
603	67.9375	43.1875	176
604	68.0625	43.1875	182
605	68.1875	43.1875	189
606	68.3125	43.1875	192
607	68.4375	43.1875	198
608	68.5625	43.1875	215
609	68.6875	43.1875	251
610	68.8125	43.1875	287
611	68.9375	43.1875	295
612	69.0625	43.1875	317
613	69.1875	43.1875	364
614	69.3125	43.1875	401
615	69.4375	43.1875	470
616	69.5625	43.1875	577
617	69.6875	43.1875	666
618	69.8125	43.1875	947
619	69.9375	43.1875	1077
620	70.0625	43.1875	1023
621	67.0625	43.0625	176
622	67.1875	43.0625	175
623	67.3125	43.0625	177
624	67.4375	43.0625	179
625	67.5625	43.0625	179
626	67.6875	43.0625	178
627	67.8125	43.0625	178
628	67.9375	43.0625	177
629	68.0625	43.0625	179
630	68.1875	43.0625	182
631	68.3125	43.0625	184
632	68.4375	43.0625	183
633	68.5625	43.0625	189
634	68.6875	43.0625	205
635	68.8125	43.0625	228
636	68.9375	43.0625	249
637	69.0625	43.0625	280
638	69.1875	43.0625	311
639	69.3125	43.0625	372
640	69.4375	43.0625	413
641	69.5625	43.0625	453
642	69.6875	43.0625	627
643	69.8125	43.0625	768
644	69.9375	43.0625	858
645	70.0625	43.0625	1107
646	70.1875	43.0625	1106
647	70.3125	43.0625	985
648	70.4375	43.0625	727
649	66.9375	42.9375	178
650	67.0625	42.9375	177
651	67.1875	42.9375	177
652	67.3125	42.9375	179
653	67.4375	42.9375	180
654	67.5625	42.9375	182
655	67.6875	42.9375	183
656	67.8125	42.9375	183
657	67.9375	42.9375	183
658	68.0625	42.9375	182
659	68.1875	42.9375	183
660	68.3125	42.9375	187
661	68.4375	42.9375	189
662	68.5625	42.9375	188
663	68.6875	42.9375	196
664	68.8125	42.9375	212
665	68.9375	42.9375	231
666	69.0625	42.9375	259
667	69.1875	42.9375	304
668	69.3125	42.9375	337
669	69.4375	42.9375	351
670	69.5625	42.9375	396
671	69.6875	42.9375	488
672	69.8125	42.9375	697
673	69.9375	42.9375	873
674	70.0625	42.9375	899
675	70.1875	42.9375	949
676	70.3125	42.9375	1025
677	70.4375	42.9375	1151
678	70.5625	42.9375	1027
679	66.9375	42.8125	177
680	67.0625	42.8125	179
681	67.1875	42.8125	182
682	67.3125	42.8125	183
683	67.4375	42.8125	186
684	67.5625	42.8125	183
685	67.6875	42.8125	186
686	67.8125	42.8125	187
687	67.9375	42.8125	186
688	68.0625	42.8125	187
689	68.1875	42.8125	183
690	68.3125	42.8125	189
691	68.4375	42.8125	191
692	68.5625	42.8125	197
693	68.6875	42.8125	206
694	68.8125	42.8125	217
695	68.9375	42.8125	234
696	69.0625	42.8125	254
697	69.1875	42.8125	276
698	69.3125	42.8125	303
699	69.4375	42.8125	358
700	69.5625	42.8125	423
701	69.6875	42.8125	503
702	69.8125	42.8125	762
703	69.9375	42.8125	1122
704	70.0625	42.8125	1157
705	70.1875	42.8125	1057
706	70.3125	42.8125	1135
707	70.4375	42.8125	1126
708	70.5625	42.8125	1271
709	66.9375	42.6875	176
710	67.0625	42.6875	180
711	67.1875	42.6875	182
712	67.3125	42.6875	186
713	67.4375	42.6875	187
714	67.5625	42.6875	187
715	67.6875	42.6875	188
716	67.8125	42.6875	191
717	67.9375	42.6875	190
718	68.0625	42.6875	193
719	68.1875	42.6875	190
720	68.3125	42.6875	191
721	68.4375	42.6875	195
722	68.5625	42.6875	202
723	68.6875	42.6875	211
724	68.8125	42.6875	229
725	68.9375	42.6875	248
726	69.0625	42.6875	265
727	69.1875	42.6875	307
728	69.3125	42.6875	329
729	69.4375	42.6875	379
730	69.5625	42.6875	420
731	69.6875	42.6875	490
732	69.8125	42.6875	630
733	69.9375	42.6875	800
734	70.0625	42.6875	773
735	70.1875	42.6875	896
736	70.3125	42.6875	1157
737	70.4375	42.6875	1174
738	67.1875	42.5625	180
739	67.3125	42.5625	182
740	67.4375	42.5625	187
741	67.5625	42.5625	192
742	67.6875	42.5625	193
743	67.8125	42.5625	195
744	67.9375	42.5625	191
745	68.0625	42.5625	197
746	68.1875	42.5625	191
747	68.3125	42.5625	196
748	68.4375	42.5625	203
749	68.5625	42.5625	207
750	68.6875	42.5625	214
751	68.8125	42.5625	228
752	68.9375	42.5625	259
753	69.0625	42.5625	276
754	69.1875	42.5625	291
755	69.3125	42.5625	319
756	69.4375	42.5625	357
757	69.5625	42.5625	400
758	69.6875	42.5625	446
759	69.8125	42.5625	491
760	69.9375	42.5625	564
761	70.0625	42.5625	660
762	70.1875	42.5625	708
763	70.3125	42.5625	791
764	70.4375	42.5625	1011
765	70.5625	42.5625	1148
766	70.6875	42.5625	1137
767	67.4375	42.4375	189
768	67.5625	42.4375	191
769	67.6875	42.4375	211
770	67.8125	42.4375	199
771	67.9375	42.4375	197
772	68.0625	42.4375	200
773	68.1875	42.4375	197
774	68.3125	42.4375	197
775	68.4375	42.4375	201
776	68.5625	42.4375	206
777	68.6875	42.4375	231
778	68.8125	42.4375	236
779	68.9375	42.4375	246
780	69.0625	42.4375	273
781	69.1875	42.4375	297
782	69.3125	42.4375	344
783	69.4375	42.4375	391
784	69.5625	42.4375	448
785	69.6875	42.4375	517
786	69.8125	42.4375	591
787	69.9375	42.4375	718
788	70.0625	42.4375	869
789	70.1875	42.4375	1087
790	70.3125	42.4375	1224
791	70.4375	42.4375	1260
792	70.5625	42.4375	1587
793	70.6875	42.4375	2253
794	70.8125	42.4375	2490
795	74.1875	42.4375	3599
796	74.3125	42.4375	3420
797	74.4375	42.4375	3566
798	74.5625	42.4375	3627
799	74.6875	42.4375	3636
800	74.8125	42.4375	3696
801	67.5625	42.3125	222
802	67.6875	42.3125	249
803	67.8125	42.3125	224
804	67.9375	42.3125	199
805	68.0625	42.3125	205
806	68.1875	42.3125	202
807	68.3125	42.3125	200
808	68.4375	42.3125	202
809	68.5625	42.3125	216
810	68.6875	42.3125	249
811	68.8125	42.3125	271
812	68.9375	42.3125	286
813	69.0625	42.3125	322
814	69.1875	42.3125	364
815	69.3125	42.3125	385
816	69.4375	42.3125	428
817	69.5625	42.3125	498
818	69.6875	42.3125	583
819	69.8125	42.3125	710
820	69.9375	42.3125	833
821	70.0625	42.3125	982
822	70.1875	42.3125	1190
823	70.3125	42.3125	1452
824	70.4375	42.3125	1898
825	70.5625	42.3125	2467
826	70.6875	42.3125	2967
827	70.8125	42.3125	3187
828	70.9375	42.3125	3283
829	71.0625	42.3125	3291
830	71.1875	42.3125	3064
831	72.5625	42.3125	3104
832	72.6875	42.3125	3280
833	72.9375	42.3125	2997
834	73.0625	42.3125	2868
835	73.1875	42.3125	3071
836	73.3125	42.3125	3353
837	73.4375	42.3125	3313
838	73.5625	42.3125	3460
839	73.6875	42.3125	3164
840	73.8125	42.3125	2902
841	73.9375	42.3125	2836
842	74.0625	42.3125	2749
843	74.1875	42.3125	2673
844	74.3125	42.3125	2784
845	74.4375	42.3125	2896
846	74.5625	42.3125	3092
847	74.6875	42.3125	3358
848	74.8125	42.3125	3468
849	67.4375	42.1875	242
850	67.5625	42.1875	260
851	67.6875	42.1875	242
852	67.8125	42.1875	209
853	67.9375	42.1875	206
854	68.0625	42.1875	206
855	68.1875	42.1875	201
856	68.3125	42.1875	215
857	68.4375	42.1875	238
858	68.5625	42.1875	272
859	68.6875	42.1875	316
860	68.8125	42.1875	320
861	68.9375	42.1875	337
862	69.0625	42.1875	359
863	69.1875	42.1875	421
864	69.3125	42.1875	464
865	69.4375	42.1875	494
866	69.5625	42.1875	557
867	69.6875	42.1875	652
868	69.8125	42.1875	744
869	69.9375	42.1875	909
870	70.0625	42.1875	1221
871	70.1875	42.1875	1542
872	70.3125	42.1875	1807
873	70.4375	42.1875	2457
874	70.5625	42.1875	3141
875	70.6875	42.1875	2994
876	70.8125	42.1875	3059
877	70.9375	42.1875	2997
878	71.0625	42.1875	3349
879	71.1875	42.1875	3636
880	71.3125	42.1875	3510
881	71.4375	42.1875	3414
882	71.5625	42.1875	3108
883	71.6875	42.1875	3244
884	71.8125	42.1875	3242
885	71.9375	42.1875	2965
886	72.1875	42.1875	2723
887	72.3125	42.1875	2867
888	72.4375	42.1875	3202
889	72.5625	42.1875	3456
890	72.6875	42.1875	3276
891	72.8125	42.1875	2803
892	72.9375	42.1875	3020
893	73.0625	42.1875	3273
894	73.1875	42.1875	3094
895	73.3125	42.1875	2835
896	73.4375	42.1875	2664
897	73.5625	42.1875	2774
898	73.6875	42.1875	2646
899	73.8125	42.1875	2226
900	73.9375	42.1875	2140
901	74.0625	42.1875	2213
902	74.1875	42.1875	2830
903	74.3125	42.1875	3315
904	74.4375	42.1875	3355
905	74.5625	42.1875	3006
906	74.6875	42.1875	3143
907	74.8125	42.1875	3282
908	74.9375	42.1875	3170
909	75.0625	42.1875	3105
910	75.1875	42.1875	2756
911	67.4375	42.0625	240
912	67.5625	42.0625	221
913	67.6875	42.0625	208
914	67.8125	42.0625	211
915	67.9375	42.0625	213
916	68.0625	42.0625	211
917	68.1875	42.0625	208
918	68.3125	42.0625	245
919	68.4375	42.0625	278
920	68.5625	42.0625	303
921	68.6875	42.0625	345
922	68.8125	42.0625	382
923	68.9375	42.0625	389
924	69.0625	42.0625	426
925	69.1875	42.0625	462
926	69.3125	42.0625	525
927	69.4375	42.0625	618
928	69.5625	42.0625	797
929	69.6875	42.0625	1052
930	69.8125	42.0625	1037
931	69.9375	42.0625	1219
932	70.0625	42.0625	2179
933	70.1875	42.0625	2362
934	70.3125	42.0625	2903
935	70.4375	42.0625	2878
936	70.5625	42.0625	2947
937	70.6875	42.0625	2274
938	70.8125	42.0625	2961
939	70.9375	42.0625	3250
940	71.0625	42.0625	3436
941	71.1875	42.0625	3029
942	71.3125	42.0625	3037
943	71.4375	42.0625	2892
944	71.5625	42.0625	2490
945	71.6875	42.0625	2665
946	71.8125	42.0625	3090
947	71.9375	42.0625	3218
948	72.0625	42.0625	3068
949	72.1875	42.0625	3281
950	72.3125	42.0625	2551
951	72.4375	42.0625	1976
952	72.5625	42.0625	2355
953	72.6875	42.0625	2941
954	72.8125	42.0625	2308
955	72.9375	42.0625	2809
956	73.0625	42.0625	2991
957	73.1875	42.0625	2932
958	73.3125	42.0625	3134
959	73.4375	42.0625	3002
960	73.5625	42.0625	3110
961	73.6875	42.0625	3181
962	73.8125	42.0625	2778
963	73.9375	42.0625	2573
964	74.0625	42.0625	2898
965	74.1875	42.0625	2628
966	74.3125	42.0625	3359
967	74.4375	42.0625	3065
968	74.5625	42.0625	2435
969	74.6875	42.0625	2368
970	74.8125	42.0625	2265
971	74.9375	42.0625	2474
972	75.0625	42.0625	2583
973	75.1875	42.0625	2923
974	75.3125	42.0625	3400
975	77.9375	42.0625	3503
976	78.0625	42.0625	3766
977	78.1875	42.0625	3975
978	67.3125	41.9375	246
979	67.4375	41.9375	246
980	67.5625	41.9375	227
981	67.6875	41.9375	214
982	67.8125	41.9375	212
983	67.9375	41.9375	214
984	68.0625	41.9375	212
985	68.1875	41.9375	236
986	68.3125	41.9375	290
987	68.4375	41.9375	340
988	68.5625	41.9375	361
989	68.6875	41.9375	366
990	68.8125	41.9375	409
991	68.9375	41.9375	454
992	69.0625	41.9375	532
993	69.1875	41.9375	585
994	69.3125	41.9375	651
995	69.4375	41.9375	730
996	69.5625	41.9375	811
997	69.6875	41.9375	874
998	69.8125	41.9375	1154
999	69.9375	41.9375	1620
1000	70.0625	41.9375	1710
1001	70.1875	41.9375	2443
1002	70.3125	41.9375	2258
1003	70.4375	41.9375	1834
1004	70.5625	41.9375	2486
1005	70.6875	41.9375	2880
1006	70.8125	41.9375	3292
1007	70.9375	41.9375	2749
1008	71.0625	41.9375	2754
1009	71.1875	41.9375	2854
1010	71.3125	41.9375	2198
1011	71.4375	41.9375	2260
1012	71.5625	41.9375	2708
1013	71.6875	41.9375	3343
1014	71.8125	41.9375	3226
1015	71.9375	41.9375	2525
1016	72.0625	41.9375	2552
1017	72.1875	41.9375	2541
1018	72.3125	41.9375	2443
1019	72.4375	41.9375	1872
1020	72.5625	41.9375	1311
1021	72.6875	41.9375	1403
1022	72.8125	41.9375	1520
1023	72.9375	41.9375	1384
1024	73.0625	41.9375	1717
1025	73.1875	41.9375	1664
1026	73.3125	41.9375	1868
1027	73.4375	41.9375	2363
1028	73.5625	41.9375	2193
1029	73.6875	41.9375	2649
1030	73.8125	41.9375	3391
1031	73.9375	41.9375	3336
1032	74.0625	41.9375	2843
1033	74.1875	41.9375	2387
1034	74.3125	41.9375	2423
1035	74.4375	41.9375	1891
1036	74.5625	41.9375	1839
1037	74.6875	41.9375	2027
1038	74.8125	41.9375	2139
1039	74.9375	41.9375	2598
1040	75.0625	41.9375	2926
1041	75.1875	41.9375	3066
1042	75.3125	41.9375	3266
1043	75.4375	41.9375	3314
1044	75.5625	41.9375	3033
1045	76.5625	41.9375	3653
1046	76.6875	41.9375	3942
1047	76.8125	41.9375	3939
1048	76.9375	41.9375	3617
1049	77.0625	41.9375	3583
1050	77.1875	41.9375	3800
1051	77.3125	41.9375	3771
1052	77.4375	41.9375	3811
1053	77.5625	41.9375	3782
1054	77.6875	41.9375	3751
1055	77.8125	41.9375	3924
1056	77.9375	41.9375	3970
1057	78.0625	41.9375	3849
1058	78.1875	41.9375	3832
1059	78.3125	41.9375	4202
1060	67.4375	41.8125	257
1061	67.5625	41.8125	239
1062	67.6875	41.8125	228
1063	67.8125	41.8125	222
1064	67.9375	41.8125	219
1065	68.0625	41.8125	217
1066	68.1875	41.8125	261
1067	68.3125	41.8125	325
1068	68.4375	41.8125	352
1069	68.5625	41.8125	398
1070	68.6875	41.8125	437
1071	68.8125	41.8125	472
1072	68.9375	41.8125	509
1073	69.0625	41.8125	501
1074	69.1875	41.8125	573
1075	69.3125	41.8125	713
1076	69.4375	41.8125	650
1077	69.5625	41.8125	774
1078	69.6875	41.8125	1007
1079	69.8125	41.8125	1444
1080	69.9375	41.8125	1692
1081	70.0625	41.8125	2040
1082	70.1875	41.8125	2118
1083	70.3125	41.8125	1862
1084	70.4375	41.8125	2743
1085	70.5625	41.8125	2859
1086	70.6875	41.8125	2630
1087	70.8125	41.8125	2253
1088	70.9375	41.8125	2311
1089	71.0625	41.8125	2495
1090	71.1875	41.8125	2115
1091	71.3125	41.8125	2525
1092	71.4375	41.8125	3219
1093	71.5625	41.8125	3389
1094	71.6875	41.8125	3053
1095	71.8125	41.8125	2259
1096	71.9375	41.8125	1764
1097	72.0625	41.8125	1699
1098	72.1875	41.8125	2468
1099	72.3125	41.8125	2671
1100	72.4375	41.8125	2797
1101	72.5625	41.8125	2230
1102	72.6875	41.8125	1382
1103	72.8125	41.8125	883
1104	72.9375	41.8125	916
1105	73.0625	41.8125	1012
1106	73.1875	41.8125	1058
1107	73.3125	41.8125	1512
1108	73.4375	41.8125	1646
1109	73.5625	41.8125	1742
1110	73.6875	41.8125	2214
1111	73.8125	41.8125	2335
1112	73.9375	41.8125	2445
1113	74.0625	41.8125	2796
1114	74.1875	41.8125	2792
1115	74.3125	41.8125	1994
1116	74.4375	41.8125	2272
1117	74.5625	41.8125	2551
1118	74.6875	41.8125	2659
1119	74.8125	41.8125	2939
1120	74.9375	41.8125	3174
1121	75.0625	41.8125	3009
1122	75.1875	41.8125	3002
1123	75.3125	41.8125	3022
1124	75.4375	41.8125	3194
1125	75.5625	41.8125	3340
1126	75.6875	41.8125	3154
1127	75.8125	41.8125	3184
1128	75.9375	41.8125	3348
1129	76.0625	41.8125	3286
1130	76.1875	41.8125	3212
1131	76.3125	41.8125	3238
1132	76.4375	41.8125	3238
1133	76.5625	41.8125	3371
1134	76.6875	41.8125	3350
1135	76.8125	41.8125	3297
1136	76.9375	41.8125	3565
1137	77.0625	41.8125	3278
1138	77.1875	41.8125	3491
1139	77.3125	41.8125	3681
1140	77.4375	41.8125	3776
1141	77.5625	41.8125	3839
1142	77.6875	41.8125	3970
1143	77.8125	41.8125	3913
1144	77.9375	41.8125	3886
1145	78.0625	41.8125	3679
1146	78.1875	41.8125	4147
1147	78.3125	41.8125	4377
1148	67.4375	41.6875	270
1149	67.5625	41.6875	258
1150	67.6875	41.6875	241
1151	67.8125	41.6875	232
1152	67.9375	41.6875	224
1153	68.0625	41.6875	240
1154	68.1875	41.6875	288
1155	68.3125	41.6875	313
1156	68.4375	41.6875	329
1157	68.5625	41.6875	375
1158	68.6875	41.6875	411
1159	68.8125	41.6875	418
1160	68.9375	41.6875	421
1161	69.0625	41.6875	477
1162	69.1875	41.6875	576
1163	69.3125	41.6875	592
1164	69.4375	41.6875	599
1165	69.5625	41.6875	953
1166	69.6875	41.6875	1501
1167	69.8125	41.6875	1697
1168	69.9375	41.6875	1241
1169	70.0625	41.6875	1293
1170	70.1875	41.6875	1858
1171	70.3125	41.6875	2381
1172	70.4375	41.6875	2131
1173	70.5625	41.6875	1955
1174	70.6875	41.6875	1761
1175	70.8125	41.6875	1764
1176	70.9375	41.6875	2135
1177	71.0625	41.6875	2581
1178	71.1875	41.6875	2737
1179	71.3125	41.6875	3281
1180	71.4375	41.6875	3003
1181	71.5625	41.6875	2481
1182	71.6875	41.6875	1995
1183	71.8125	41.6875	1596
1184	71.9375	41.6875	1288
1185	72.0625	41.6875	1293
1186	72.1875	41.6875	1866
1187	72.3125	41.6875	2250
1188	72.4375	41.6875	2118
1189	72.5625	41.6875	1614
1190	72.6875	41.6875	1330
1191	72.8125	41.6875	1614
1192	72.9375	41.6875	1805
1193	73.0625	41.6875	1812
1194	73.1875	41.6875	1443
1195	73.3125	41.6875	1642
1196	73.4375	41.6875	1767
1197	73.5625	41.6875	2374
1198	73.6875	41.6875	2281
1199	73.8125	41.6875	1927
1200	73.9375	41.6875	1803
1201	74.0625	41.6875	2114
1202	74.1875	41.6875	2094
1203	74.3125	41.6875	2057
1204	74.4375	41.6875	2620
1205	74.5625	41.6875	3121
1206	74.6875	41.6875	3310
1207	74.8125	41.6875	3343
1208	74.9375	41.6875	3217
1209	75.0625	41.6875	3034
1210	75.1875	41.6875	3244
1211	75.3125	41.6875	3362
1212	75.4375	41.6875	3036
1213	75.5625	41.6875	2849
1214	75.6875	41.6875	2814
1215	75.8125	41.6875	2662
1216	75.9375	41.6875	2779
1217	76.0625	41.6875	3200
1218	76.1875	41.6875	3615
1219	76.3125	41.6875	3583
1220	76.4375	41.6875	3206
1221	76.5625	41.6875	3016
1222	76.6875	41.6875	2992
1223	76.8125	41.6875	2920
1224	76.9375	41.6875	3106
1225	77.0625	41.6875	3516
1226	77.1875	41.6875	3726
1227	77.3125	41.6875	3723
1228	77.4375	41.6875	3797
1229	77.5625	41.6875	3982
1230	77.6875	41.6875	3621
1231	77.8125	41.6875	3436
1232	77.9375	41.6875	3587
1233	78.0625	41.6875	3814
1234	78.1875	41.6875	3880
1235	78.3125	41.6875	3842
1236	67.4375	41.5625	282
1237	67.5625	41.5625	275
1238	67.6875	41.5625	260
1239	67.8125	41.5625	243
1240	67.9375	41.5625	231
1241	68.0625	41.5625	230
1242	68.1875	41.5625	279
1243	68.3125	41.5625	297
1244	68.4375	41.5625	344
1245	68.5625	41.5625	370
1246	68.6875	41.5625	349
1247	68.8125	41.5625	365
1248	68.9375	41.5625	397
1249	69.0625	41.5625	438
1250	69.1875	41.5625	500
1251	69.3125	41.5625	499
1252	69.4375	41.5625	569
1253	69.5625	41.5625	769
1254	69.6875	41.5625	790
1255	69.8125	41.5625	871
1256	69.9375	41.5625	1286
1257	70.0625	41.5625	1486
1258	70.1875	41.5625	1787
1259	70.3125	41.5625	2073
1260	70.4375	41.5625	2755
1261	70.5625	41.5625	2760
1262	70.6875	41.5625	2316
1263	70.8125	41.5625	2682
1264	70.9375	41.5625	2946
1265	71.0625	41.5625	2669
1266	71.1875	41.5625	2415
1267	71.3125	41.5625	2866
1268	71.4375	41.5625	2066
1269	71.5625	41.5625	1876
1270	71.6875	41.5625	1607
1271	71.8125	41.5625	1498
1272	71.9375	41.5625	1859
1273	72.0625	41.5625	1396
1274	72.1875	41.5625	1034
1275	72.3125	41.5625	1536
1276	72.4375	41.5625	1430
1277	72.5625	41.5625	1382
1278	72.6875	41.5625	1751
1279	72.8125	41.5625	2305
1280	72.9375	41.5625	2897
1281	73.0625	41.5625	2587
1282	73.1875	41.5625	2525
1283	73.3125	41.5625	2609
1284	73.4375	41.5625	2888
1285	73.5625	41.5625	3419
1286	73.6875	41.5625	3147
1287	73.8125	41.5625	2729
1288	73.9375	41.5625	2015
1289	74.0625	41.5625	2869
1290	74.1875	41.5625	3083
1291	74.3125	41.5625	2881
1292	74.4375	41.5625	3074
1293	74.5625	41.5625	2839
1294	74.6875	41.5625	2811
1295	74.8125	41.5625	2526
1296	74.9375	41.5625	2410
1297	75.0625	41.5625	2240
1298	75.1875	41.5625	2482
1299	75.3125	41.5625	2713
1300	75.4375	41.5625	2929
1301	75.5625	41.5625	2792
1302	75.6875	41.5625	2404
1303	75.8125	41.5625	2189
1304	75.9375	41.5625	2372
1305	76.0625	41.5625	2938
1306	76.1875	41.5625	3082
1307	76.3125	41.5625	3050
1308	76.4375	41.5625	2749
1309	76.5625	41.5625	3124
1310	76.6875	41.5625	3383
1311	76.8125	41.5625	3503
1312	76.9375	41.5625	3566
1313	77.0625	41.5625	3641
1314	77.1875	41.5625	3835
1315	77.3125	41.5625	3796
1316	77.4375	41.5625	3585
1317	77.5625	41.5625	3376
1318	77.6875	41.5625	3300
1319	77.8125	41.5625	3396
1320	77.9375	41.5625	3520
1321	78.0625	41.5625	3683
1322	78.1875	41.5625	3782
1323	67.3125	41.4375	295
1324	67.4375	41.4375	295
1325	67.5625	41.4375	288
1326	67.6875	41.4375	276
1327	67.8125	41.4375	261
1328	67.9375	41.4375	241
1329	68.0625	41.4375	224
1330	68.1875	41.4375	256
1331	68.3125	41.4375	298
1332	68.4375	41.4375	326
1333	68.5625	41.4375	334
1334	68.6875	41.4375	321
1335	68.8125	41.4375	335
1336	68.9375	41.4375	356
1337	69.0625	41.4375	390
1338	69.1875	41.4375	438
1339	69.3125	41.4375	490
1340	69.4375	41.4375	560
1341	69.5625	41.4375	594
1342	69.6875	41.4375	786
1343	69.8125	41.4375	1170
1344	69.9375	41.4375	1596
1345	70.0625	41.4375	2324
1346	70.1875	41.4375	1786
1347	70.3125	41.4375	2295
1348	70.4375	41.4375	2982
1349	70.5625	41.4375	3228
1350	70.6875	41.4375	3008
1351	70.8125	41.4375	2985
1352	70.9375	41.4375	2652
1353	71.0625	41.4375	2267
1354	71.1875	41.4375	1949
1355	71.3125	41.4375	1820
1356	71.4375	41.4375	1396
1357	71.5625	41.4375	1343
1358	71.6875	41.4375	1260
1359	71.8125	41.4375	1303
1360	71.9375	41.4375	1446
1361	72.0625	41.4375	1161
1362	72.1875	41.4375	824
1363	72.3125	41.4375	1080
1364	72.4375	41.4375	2002
1365	72.5625	41.4375	2295
1366	72.6875	41.4375	2522
1367	72.8125	41.4375	3027
1368	72.9375	41.4375	3134
1369	73.0625	41.4375	1959
1370	73.1875	41.4375	2082
1371	73.3125	41.4375	2544
1372	73.4375	41.4375	2930
1373	73.5625	41.4375	2611
1374	73.6875	41.4375	2277
1375	73.8125	41.4375	1856
1376	73.9375	41.4375	1513
1377	74.0625	41.4375	1569
1378	74.1875	41.4375	1705
1379	74.3125	41.4375	2031
1380	74.4375	41.4375	1940
1381	74.5625	41.4375	1927
1382	74.6875	41.4375	1923
1383	74.8125	41.4375	1715
1384	74.9375	41.4375	1729
1385	75.0625	41.4375	1722
1386	75.1875	41.4375	1773
1387	75.3125	41.4375	1837
1388	75.4375	41.4375	1940
1389	75.5625	41.4375	1966
1390	75.6875	41.4375	1966
1391	75.8125	41.4375	2129
1392	75.9375	41.4375	2325
1393	76.0625	41.4375	2396
1394	76.1875	41.4375	2607
1395	76.3125	41.4375	2797
1396	76.4375	41.4375	2887
1397	76.5625	41.4375	3115
1398	76.6875	41.4375	3264
1399	76.8125	41.4375	3350
1400	76.9375	41.4375	3565
1401	77.0625	41.4375	3492
1402	77.1875	41.4375	3537
1403	77.3125	41.4375	3551
1404	77.4375	41.4375	3830
1405	77.5625	41.4375	3933
1406	77.6875	41.4375	3936
1407	77.8125	41.4375	3952
1408	77.9375	41.4375	3893
1409	78.0625	41.4375	3801
1410	66.0625	41.3125	247
1411	66.3125	41.3125	250
1412	66.4375	41.3125	252
1413	66.5625	41.3125	257
1414	66.6875	41.3125	270
1415	66.8125	41.3125	279
1416	66.9375	41.3125	287
1417	67.0625	41.3125	295
1418	67.1875	41.3125	300
1419	67.3125	41.3125	303
1420	67.4375	41.3125	303
1421	67.5625	41.3125	299
1422	67.6875	41.3125	290
1423	67.8125	41.3125	272
1424	67.9375	41.3125	238
1425	68.0625	41.3125	237
1426	68.1875	41.3125	282
1427	68.3125	41.3125	286
1428	68.4375	41.3125	311
1429	68.5625	41.3125	315
1430	68.6875	41.3125	300
1431	68.8125	41.3125	331
1432	68.9375	41.3125	351
1433	69.0625	41.3125	396
1434	69.1875	41.3125	424
1435	69.3125	41.3125	455
1436	69.4375	41.3125	477
1437	69.5625	41.3125	545
1438	69.6875	41.3125	807
1439	69.8125	41.3125	1373
1440	69.9375	41.3125	2105
1441	70.0625	41.3125	2340
1442	70.1875	41.3125	2051
1443	70.3125	41.3125	2775
1444	70.4375	41.3125	3013
1445	70.5625	41.3125	2419
1446	70.6875	41.3125	2731
1447	70.8125	41.3125	2761
1448	70.9375	41.3125	2919
1449	71.0625	41.3125	2539
1450	71.1875	41.3125	1766
1451	71.3125	41.3125	1421
1452	71.4375	41.3125	1159
1453	71.5625	41.3125	1045
1454	71.6875	41.3125	975
1455	71.8125	41.3125	897
1456	71.9375	41.3125	1006
1457	72.0625	41.3125	986
1458	72.1875	41.3125	748
1459	72.3125	41.3125	1206
1460	72.4375	41.3125	1499
1461	72.5625	41.3125	1710
1462	72.6875	41.3125	2244
1463	72.8125	41.3125	2068
1464	72.9375	41.3125	1615
1465	73.0625	41.3125	1462
1466	73.1875	41.3125	1822
1467	73.3125	41.3125	2093
1468	73.4375	41.3125	2506
1469	73.5625	41.3125	2537
1470	73.6875	41.3125	2342
1471	73.8125	41.3125	1835
1472	73.9375	41.3125	1644
1473	74.0625	41.3125	1971
1474	74.1875	41.3125	2299
1475	74.3125	41.3125	2504
1476	74.4375	41.3125	2716
1477	74.5625	41.3125	2303
1478	74.6875	41.3125	1854
1479	74.8125	41.3125	1871
1480	74.9375	41.3125	1906
1481	75.0625	41.3125	1923
1482	75.1875	41.3125	1988
1483	75.3125	41.3125	2025
1484	75.4375	41.3125	2341
1485	75.5625	41.3125	2680
1486	75.6875	41.3125	2327
1487	75.8125	41.3125	2459
1488	75.9375	41.3125	2428
1489	76.0625	41.3125	2670
1490	76.1875	41.3125	3063
1491	76.3125	41.3125	3291
1492	76.4375	41.3125	3250
1493	76.5625	41.3125	3209
1494	76.6875	41.3125	3289
1495	76.8125	41.3125	3488
1496	76.9375	41.3125	3635
1497	77.0625	41.3125	3714
1498	77.1875	41.3125	3864
1499	77.3125	41.3125	3958
1500	77.4375	41.3125	3809
1501	77.5625	41.3125	4067
1502	77.6875	41.3125	4244
1503	77.8125	41.3125	4208
1504	65.6875	41.1875	260
1505	65.8125	41.1875	255
1506	65.9375	41.1875	253
1507	66.0625	41.1875	249
1508	66.1875	41.1875	250
1509	66.3125	41.1875	249
1510	66.4375	41.1875	252
1511	66.5625	41.1875	255
1512	66.6875	41.1875	258
1513	66.8125	41.1875	266
1514	66.9375	41.1875	276
1515	67.0625	41.1875	287
1516	67.1875	41.1875	294
1517	67.3125	41.1875	300
1518	67.4375	41.1875	300
1519	67.5625	41.1875	300
1520	67.6875	41.1875	294
1521	67.8125	41.1875	281
1522	67.9375	41.1875	242
1523	68.0625	41.1875	236
1524	68.1875	41.1875	235
1525	68.3125	41.1875	268
1526	68.4375	41.1875	302
1527	68.5625	41.1875	283
1528	68.6875	41.1875	306
1529	68.8125	41.1875	325
1530	68.9375	41.1875	345
1531	69.0625	41.1875	368
1532	69.1875	41.1875	380
1533	69.3125	41.1875	402
1534	69.4375	41.1875	439
1535	69.5625	41.1875	568
1536	69.6875	41.1875	837
1537	69.8125	41.1875	1420
1538	69.9375	41.1875	2090
1539	70.0625	41.1875	1947
1540	70.1875	41.1875	2518
1541	70.3125	41.1875	2256
1542	70.4375	41.1875	1851
1543	70.5625	41.1875	2377
1544	70.6875	41.1875	2784
1545	70.8125	41.1875	2857
1546	70.9375	41.1875	1989
1547	71.0625	41.1875	1627
1548	71.1875	41.1875	1306
1549	71.3125	41.1875	1085
1550	71.4375	41.1875	899
1551	71.5625	41.1875	840
1552	71.6875	41.1875	761
1553	71.8125	41.1875	751
1554	71.9375	41.1875	739
1555	72.0625	41.1875	619
1556	72.1875	41.1875	613
1557	72.3125	41.1875	968
1558	72.4375	41.1875	1055
1559	72.5625	41.1875	1216
1560	72.6875	41.1875	1230
1561	72.8125	41.1875	1236
1562	72.9375	41.1875	1247
1563	73.0625	41.1875	1402
1564	73.1875	41.1875	1394
1565	73.3125	41.1875	1502
1566	73.4375	41.1875	1825
1567	73.5625	41.1875	2149
1568	73.6875	41.1875	2528
1569	73.8125	41.1875	2817
1570	73.9375	41.1875	2310
1571	74.0625	41.1875	2759
1572	74.1875	41.1875	2386
1573	74.3125	41.1875	2138
1574	74.4375	41.1875	2015
1575	74.5625	41.1875	2064
1576	74.6875	41.1875	2181
1577	74.8125	41.1875	2212
1578	74.9375	41.1875	2213
1579	75.0625	41.1875	2305
1580	75.1875	41.1875	2641
1581	75.3125	41.1875	2732
1582	75.4375	41.1875	2774
1583	75.5625	41.1875	2424
1584	75.6875	41.1875	2129
1585	75.8125	41.1875	2109
1586	75.9375	41.1875	2237
1587	76.0625	41.1875	2448
1588	76.1875	41.1875	2820
1589	76.3125	41.1875	3269
1590	76.4375	41.1875	3117
1591	76.5625	41.1875	3281
1592	76.6875	41.1875	3555
1593	76.8125	41.1875	3759
1594	76.9375	41.1875	3730
1595	77.0625	41.1875	3725
1596	77.1875	41.1875	3813
1597	77.3125	41.1875	3871
1598	77.4375	41.1875	3865
1599	65.6875	41.0625	273
1600	65.8125	41.0625	267
1601	65.9375	41.0625	255
1602	66.0625	41.0625	246
1603	66.1875	41.0625	239
1604	66.3125	41.0625	237
1605	66.4375	41.0625	238
1606	66.5625	41.0625	242
1607	66.6875	41.0625	245
1608	66.8125	41.0625	248
1609	66.9375	41.0625	253
1610	67.0625	41.0625	258
1611	67.1875	41.0625	270
1612	67.3125	41.0625	280
1613	67.4375	41.0625	288
1614	67.5625	41.0625	290
1615	67.6875	41.0625	286
1616	67.8125	41.0625	277
1617	67.9375	41.0625	255
1618	68.0625	41.0625	232
1619	68.1875	41.0625	233
1620	68.3125	41.0625	228
1621	68.4375	41.0625	237
1622	68.5625	41.0625	253
1623	68.6875	41.0625	287
1624	68.8125	41.0625	305
1625	68.9375	41.0625	328
1626	69.0625	41.0625	329
1627	69.1875	41.0625	346
1628	69.3125	41.0625	378
1629	69.4375	41.0625	430
1630	69.5625	41.0625	570
1631	69.6875	41.0625	935
1632	69.8125	41.0625	1363
1633	69.9375	41.0625	1637
1634	70.0625	41.0625	1240
1635	70.1875	41.0625	1326
1636	70.3125	41.0625	1519
1637	70.4375	41.0625	2004
1638	70.5625	41.0625	2122
1639	70.6875	41.0625	1812
1640	70.8125	41.0625	2009
1641	70.9375	41.0625	1381
1642	71.0625	41.0625	942
1643	71.1875	41.0625	780
1644	71.3125	41.0625	744
1645	71.4375	41.0625	693
1646	71.5625	41.0625	633
1647	71.6875	41.0625	587
1648	71.8125	41.0625	525
1649	71.9375	41.0625	471
1650	72.0625	41.0625	474
1651	72.1875	41.0625	517
1652	72.3125	41.0625	690
1653	72.4375	41.0625	723
1654	72.5625	41.0625	703
1655	72.6875	41.0625	752
1656	72.8125	41.0625	822
1657	72.9375	41.0625	1038
1658	73.0625	41.0625	1017
1659	73.1875	41.0625	1301
1660	73.3125	41.0625	1962
1661	73.4375	41.0625	1840
1662	73.5625	41.0625	2054
1663	73.6875	41.0625	2170
1664	73.8125	41.0625	2583
1665	73.9375	41.0625	2975
1666	74.0625	41.0625	2923
1667	74.1875	41.0625	2598
1668	74.3125	41.0625	2262
1669	74.4375	41.0625	2565
1670	74.5625	41.0625	2936
1671	74.6875	41.0625	2971
1672	74.8125	41.0625	2931
1673	74.9375	41.0625	2936
1674	75.0625	41.0625	3008
1675	75.1875	41.0625	3196
1676	75.3125	41.0625	3101
1677	75.4375	41.0625	2602
1678	75.5625	41.0625	2386
1679	75.6875	41.0625	2594
1680	75.8125	41.0625	2996
1681	75.9375	41.0625	3461
1682	76.0625	41.0625	3719
1683	76.1875	41.0625	3793
1684	76.3125	41.0625	3510
1685	76.4375	41.0625	3305
1686	65.6875	40.9375	294
1687	65.8125	40.9375	292
1688	65.9375	40.9375	268
1689	66.0625	40.9375	231
1690	66.1875	40.9375	232
1691	66.3125	40.9375	234
1692	66.4375	40.9375	236
1693	66.5625	40.9375	230
1694	66.6875	40.9375	229
1695	66.8125	40.9375	229
1696	66.9375	40.9375	228
1697	67.0625	40.9375	232
1698	67.1875	40.9375	238
1699	67.3125	40.9375	250
1700	67.4375	40.9375	263
1701	67.5625	40.9375	268
1702	67.6875	40.9375	267
1703	67.8125	40.9375	255
1704	67.9375	40.9375	240
1705	68.0625	40.9375	249
1706	68.1875	40.9375	257
1707	68.3125	40.9375	260
1708	68.4375	40.9375	256
1709	68.5625	40.9375	252
1710	68.6875	40.9375	249
1711	68.8125	40.9375	272
1712	68.9375	40.9375	285
1713	69.0625	40.9375	307
1714	69.1875	40.9375	351
1715	69.3125	40.9375	395
1716	69.4375	40.9375	433
1717	69.5625	40.9375	519
1718	69.6875	40.9375	670
1719	69.8125	40.9375	831
1720	69.9375	40.9375	861
1721	70.0625	40.9375	1012
1722	70.1875	40.9375	1469
1723	70.3125	40.9375	2260
1724	70.4375	40.9375	2054
1725	70.5625	40.9375	1481
1726	70.6875	40.9375	1176
1727	70.8125	40.9375	968
1728	70.9375	40.9375	794
1729	71.0625	40.9375	616
1730	71.1875	40.9375	555
1731	71.3125	40.9375	515
1732	71.4375	40.9375	465
1733	71.5625	40.9375	435
1734	71.6875	40.9375	402
1735	71.8125	40.9375	404
1736	71.9375	40.9375	419
1737	72.0625	40.9375	436
1738	72.1875	40.9375	454
1739	72.3125	40.9375	493
1740	72.4375	40.9375	501
1741	72.5625	40.9375	553
1742	72.6875	40.9375	725
1743	72.8125	40.9375	840
1744	72.9375	40.9375	812
1745	73.0625	40.9375	918
1746	73.1875	40.9375	1297
1747	73.3125	40.9375	1349
1748	73.4375	40.9375	1525
1749	73.5625	40.9375	1770
1750	73.6875	40.9375	1877
1751	73.8125	40.9375	2158
1752	73.9375	40.9375	2633
1753	74.0625	40.9375	3091
1754	74.1875	40.9375	2975
1755	74.3125	40.9375	2966
1756	74.4375	40.9375	3341
1757	74.5625	40.9375	3670
1758	74.6875	40.9375	3673
1759	74.8125	40.9375	3572
1760	74.9375	40.9375	3666
1761	75.0625	40.9375	3326
1762	75.1875	40.9375	3126
1763	75.3125	40.9375	2957
1764	75.4375	40.9375	2965
1765	75.5625	40.9375	3421
1766	75.6875	40.9375	3922
1767	75.8125	40.9375	3950
1768	65.6875	40.8125	352
1769	65.8125	40.8125	353
1770	65.9375	40.8125	317
1771	66.0625	40.8125	300
1772	66.1875	40.8125	282
1773	66.3125	40.8125	280
1774	66.4375	40.8125	278
1775	66.5625	40.8125	264
1776	66.6875	40.8125	272
1777	66.8125	40.8125	262
1778	66.9375	40.8125	242
1779	67.0625	40.8125	229
1780	67.1875	40.8125	229
1781	67.3125	40.8125	228
1782	67.4375	40.8125	231
1783	67.5625	40.8125	236
1784	67.6875	40.8125	241
1785	67.8125	40.8125	243
1786	67.9375	40.8125	247
1787	68.0625	40.8125	252
1788	68.1875	40.8125	260
1789	68.3125	40.8125	264
1790	68.4375	40.8125	263
1791	68.5625	40.8125	261
1792	68.6875	40.8125	256
1793	68.8125	40.8125	256
1794	68.9375	40.8125	278
1795	69.0625	40.8125	308
1796	69.1875	40.8125	344
1797	69.3125	40.8125	389
1798	69.4375	40.8125	469
1799	69.5625	40.8125	636
1800	69.6875	40.8125	839
1801	69.8125	40.8125	1059
1802	69.9375	40.8125	1272
1803	70.0625	40.8125	1684
1804	70.1875	40.8125	2137
1805	70.3125	40.8125	2341
1806	70.4375	40.8125	1684
1807	70.5625	40.8125	1026
1808	70.6875	40.8125	668
1809	70.8125	40.8125	575
1810	70.9375	40.8125	438
1811	71.0625	40.8125	375
1812	71.1875	40.8125	371
1813	71.3125	40.8125	374
1814	71.4375	40.8125	381
1815	71.5625	40.8125	388
1816	71.6875	40.8125	400
1817	71.8125	40.8125	414
1818	71.9375	40.8125	425
1819	72.0625	40.8125	430
1820	72.1875	40.8125	439
1821	72.3125	40.8125	466
1822	72.4375	40.8125	569
1823	72.5625	40.8125	680
1824	72.6875	40.8125	634
1825	72.8125	40.8125	668
1826	72.9375	40.8125	725
1827	73.0625	40.8125	898
1828	73.1875	40.8125	1002
1829	73.3125	40.8125	1019
1830	73.4375	40.8125	1190
1831	73.5625	40.8125	1471
1832	73.6875	40.8125	1966
1833	73.8125	40.8125	2591
1834	73.9375	40.8125	2590
1835	74.0625	40.8125	2705
1836	74.1875	40.8125	3175
1837	74.3125	40.8125	3228
1838	74.4375	40.8125	3001
1839	74.5625	40.8125	2955
1840	74.6875	40.8125	2996
1841	74.8125	40.8125	3126
1842	74.9375	40.8125	3155
1843	75.0625	40.8125	3211
1844	75.1875	40.8125	3286
1845	75.3125	40.8125	3498
1846	75.4375	40.8125	3686
1847	75.5625	40.8125	3776
1848	65.8125	40.6875	469
1849	65.9375	40.6875	611
1850	66.0625	40.6875	720
1851	66.1875	40.6875	839
1852	66.3125	40.6875	727
1853	66.4375	40.6875	654
1854	66.5625	40.6875	604
1855	66.6875	40.6875	434
1856	66.8125	40.6875	372
1857	66.9375	40.6875	293
1858	67.0625	40.6875	267
1859	67.1875	40.6875	258
1860	67.3125	40.6875	238
1861	67.4375	40.6875	228
1862	67.5625	40.6875	232
1863	67.6875	40.6875	243
1864	67.8125	40.6875	251
1865	67.9375	40.6875	256
1866	68.0625	40.6875	260
1867	68.1875	40.6875	259
1868	68.3125	40.6875	261
1869	68.4375	40.6875	263
1870	68.5625	40.6875	266
1871	68.6875	40.6875	264
1872	68.8125	40.6875	266
1873	68.9375	40.6875	264
1874	69.0625	40.6875	288
1875	69.1875	40.6875	326
1876	69.3125	40.6875	385
1877	69.4375	40.6875	662
1878	69.5625	40.6875	1051
1879	69.6875	40.6875	1437
1880	69.8125	40.6875	1830
1881	69.9375	40.6875	1889
1882	70.0625	40.6875	2059
1883	70.1875	40.6875	1521
1884	70.3125	40.6875	1085
1885	70.4375	40.6875	785
1886	70.5625	40.6875	514
1887	70.6875	40.6875	406
1888	70.8125	40.6875	369
1889	70.9375	40.6875	372
1890	71.0625	40.6875	377
1891	71.1875	40.6875	376
1892	71.3125	40.6875	379
1893	71.4375	40.6875	390
1894	71.5625	40.6875	399
1895	71.6875	40.6875	411
1896	71.8125	40.6875	423
1897	71.9375	40.6875	433
1898	72.0625	40.6875	451
1899	72.1875	40.6875	473
1900	72.3125	40.6875	563
1901	72.4375	40.6875	638
1902	72.5625	40.6875	662
1903	72.6875	40.6875	731
1904	72.8125	40.6875	767
1905	72.9375	40.6875	819
1906	73.0625	40.6875	956
1907	73.1875	40.6875	1028
1908	73.3125	40.6875	1405
1909	73.4375	40.6875	1210
1910	73.5625	40.6875	1532
1911	73.6875	40.6875	1929
1912	73.8125	40.6875	2310
1913	73.9375	40.6875	2814
1914	74.0625	40.6875	3059
1915	74.1875	40.6875	2951
1916	74.3125	40.6875	3438
1917	74.4375	40.6875	3685
1918	74.5625	40.6875	3329
1919	74.6875	40.6875	3189
1920	74.8125	40.6875	3066
1921	74.9375	40.6875	3151
1922	75.0625	40.6875	3409
1923	75.1875	40.6875	3777
1924	75.3125	40.6875	3586
1925	66.0625	40.5625	713
1926	66.3125	40.5625	930
1927	66.4375	40.5625	1100
1928	66.5625	40.5625	1479
1929	66.6875	40.5625	1181
1930	66.8125	40.5625	859
1931	66.9375	40.5625	537
1932	67.0625	40.5625	360
1933	67.1875	40.5625	302
1934	67.3125	40.5625	276
1935	67.4375	40.5625	254
1936	67.5625	40.5625	228
1937	67.6875	40.5625	248
1938	67.8125	40.5625	256
1939	67.9375	40.5625	264
1940	68.0625	40.5625	267
1941	68.1875	40.5625	268
1942	68.3125	40.5625	267
1943	68.4375	40.5625	261
1944	68.5625	40.5625	258
1945	68.6875	40.5625	266
1946	68.8125	40.5625	269
1947	68.9375	40.5625	272
1948	69.0625	40.5625	264
1949	69.1875	40.5625	293
1950	69.3125	40.5625	349
1951	69.4375	40.5625	776
1952	69.5625	40.5625	1182
1953	69.6875	40.5625	1289
1954	69.8125	40.5625	1646
1955	69.9375	40.5625	1432
1956	70.0625	40.5625	1248
1957	70.1875	40.5625	797
1958	70.3125	40.5625	536
1959	70.4375	40.5625	450
1960	70.5625	40.5625	374
1961	70.6875	40.5625	363
1962	70.8125	40.5625	382
1963	70.9375	40.5625	401
1964	71.0625	40.5625	407
1965	71.1875	40.5625	397
1966	71.3125	40.5625	390
1967	71.4375	40.5625	403
1968	71.5625	40.5625	423
1969	71.6875	40.5625	443
1970	71.8125	40.5625	455
1971	71.9375	40.5625	457
1972	72.0625	40.5625	476
1973	72.1875	40.5625	551
1974	72.3125	40.5625	581
1975	72.4375	40.5625	648
1976	72.5625	40.5625	852
1977	72.6875	40.5625	932
1978	72.8125	40.5625	955
1979	72.9375	40.5625	1083
1980	73.0625	40.5625	1269
1981	73.1875	40.5625	1489
1982	73.3125	40.5625	2013
1983	73.4375	40.5625	1903
1984	73.5625	40.5625	1687
1985	73.6875	40.5625	1818
1986	73.8125	40.5625	2244
1987	73.9375	40.5625	2665
1988	74.0625	40.5625	2822
1989	74.1875	40.5625	3139
1990	74.3125	40.5625	3361
1991	74.4375	40.5625	3563
1992	74.5625	40.5625	3900
1993	74.6875	40.5625	3958
1994	74.8125	40.5625	3730
1995	74.9375	40.5625	3578
1996	75.0625	40.5625	3611
1997	75.1875	40.5625	3601
1998	66.5625	40.4375	1377
1999	66.6875	40.4375	1497
2000	66.8125	40.4375	1354
2001	66.9375	40.4375	1284
2002	67.0625	40.4375	814
2003	67.1875	40.4375	502
2004	67.3125	40.4375	461
2005	67.4375	40.4375	393
2006	67.5625	40.4375	314
2007	67.6875	40.4375	264
2008	67.8125	40.4375	266
2009	67.9375	40.4375	274
2010	68.0625	40.4375	280
2011	68.1875	40.4375	279
2012	68.3125	40.4375	278
2013	68.4375	40.4375	273
2014	68.5625	40.4375	265
2015	68.6875	40.4375	265
2016	68.8125	40.4375	274
2017	68.9375	40.4375	281
2018	69.0625	40.4375	276
2019	69.1875	40.4375	277
2020	69.3125	40.4375	321
2021	69.4375	40.4375	485
2022	69.5625	40.4375	752
2023	69.6875	40.4375	718
2024	69.8125	40.4375	875
2025	69.9375	40.4375	864
2026	70.0625	40.4375	764
2027	70.1875	40.4375	534
2028	70.3125	40.4375	403
2029	70.4375	40.4375	362
2030	70.5625	40.4375	390
2031	70.6875	40.4375	393
2032	70.8125	40.4375	419
2033	70.9375	40.4375	490
2034	71.0625	40.4375	507
2035	71.1875	40.4375	442
2036	71.3125	40.4375	417
2037	71.4375	40.4375	430
2038	71.5625	40.4375	452
2039	71.6875	40.4375	510
2040	71.8125	40.4375	548
2041	71.9375	40.4375	592
2042	72.0625	40.4375	636
2043	72.1875	40.4375	701
2044	72.3125	40.4375	844
2045	72.4375	40.4375	982
2046	72.5625	40.4375	1021
2047	72.6875	40.4375	1150
2048	72.8125	40.4375	1274
2049	72.9375	40.4375	1475
2050	73.0625	40.4375	1708
2051	73.1875	40.4375	1764
2052	73.3125	40.4375	1885
2053	73.4375	40.4375	2214
2054	73.5625	40.4375	2259
2055	73.6875	40.4375	2377
2056	73.8125	40.4375	2674
2057	73.9375	40.4375	3020
2058	74.0625	40.4375	2513
2059	74.1875	40.4375	2501
2060	74.3125	40.4375	2984
2061	74.4375	40.4375	3474
2062	74.5625	40.4375	3651
2063	74.6875	40.4375	3675
2064	74.8125	40.4375	3798
2065	74.9375	40.4375	3734
2066	75.0625	40.4375	3950
2067	75.1875	40.4375	3859
2068	67.0625	40.3125	974
2069	67.1875	40.3125	1117
2070	67.3125	40.3125	1155
2071	67.4375	40.3125	776
2072	67.5625	40.3125	399
2073	67.6875	40.3125	303
2074	67.8125	40.3125	297
2075	67.9375	40.3125	303
2076	68.0625	40.3125	300
2077	68.1875	40.3125	298
2078	68.3125	40.3125	294
2079	68.4375	40.3125	294
2080	68.5625	40.3125	289
2081	68.6875	40.3125	291
2082	68.8125	40.3125	289
2083	68.9375	40.3125	303
2084	69.0625	40.3125	294
2085	69.1875	40.3125	280
2086	69.3125	40.3125	329
2087	69.4375	40.3125	661
2088	69.5625	40.3125	717
2089	69.6875	40.3125	430
2090	69.8125	40.3125	392
2091	69.9375	40.3125	415
2092	70.0625	40.3125	374
2093	70.1875	40.3125	323
2094	70.3125	40.3125	336
2095	70.4375	40.3125	422
2096	70.5625	40.3125	576
2097	70.6875	40.3125	632
2098	70.8125	40.3125	622
2099	70.9375	40.3125	722
2100	71.0625	40.3125	712
2101	71.1875	40.3125	598
2102	71.3125	40.3125	550
2103	71.4375	40.3125	570
2104	71.5625	40.3125	642
2105	71.6875	40.3125	679
2106	71.8125	40.3125	670
2107	71.9375	40.3125	755
2108	72.0625	40.3125	888
2109	72.1875	40.3125	1037
2110	72.3125	40.3125	1229
2111	72.4375	40.3125	1387
2112	72.5625	40.3125	1357
2113	72.6875	40.3125	1375
2114	72.8125	40.3125	1645
2115	72.9375	40.3125	1585
2116	73.0625	40.3125	1899
2117	73.1875	40.3125	2082
2118	73.3125	40.3125	2144
2119	73.4375	40.3125	1812
2120	73.5625	40.3125	2091
2121	73.6875	40.3125	2696
2122	73.8125	40.3125	3316
2123	73.9375	40.3125	3249
2124	74.0625	40.3125	2989
2125	74.1875	40.3125	2510
2126	74.3125	40.3125	2431
2127	74.4375	40.3125	2773
2128	74.5625	40.3125	3222
2129	74.6875	40.3125	3759
2130	74.8125	40.3125	3927
2131	74.9375	40.3125	3824
2132	67.4375	40.1875	993
2133	67.5625	40.1875	732
2134	67.6875	40.1875	441
2135	67.8125	40.1875	338
2136	67.9375	40.1875	333
2137	68.0625	40.1875	335
2138	68.1875	40.1875	346
2139	68.3125	40.1875	351
2140	68.4375	40.1875	352
2141	68.5625	40.1875	354
2142	68.6875	40.1875	361
2143	68.8125	40.1875	386
2144	68.9375	40.1875	418
2145	69.0625	40.1875	428
2146	69.1875	40.1875	385
2147	69.3125	40.1875	369
2148	69.4375	40.1875	365
2149	69.5625	40.1875	413
2150	69.6875	40.1875	481
2151	69.8125	40.1875	475
2152	69.9375	40.1875	567
2153	70.0625	40.1875	673
2154	70.1875	40.1875	664
2155	70.3125	40.1875	920
2156	70.4375	40.1875	937
2157	70.5625	40.1875	855
2158	70.6875	40.1875	921
2159	70.8125	40.1875	858
2160	70.9375	40.1875	942
2161	71.0625	40.1875	967
2162	71.1875	40.1875	1028
2163	71.3125	40.1875	1039
2164	71.4375	40.1875	1008
2165	71.5625	40.1875	942
2166	71.6875	40.1875	924
2167	71.8125	40.1875	972
2168	71.9375	40.1875	1158
2169	72.0625	40.1875	1250
2170	72.1875	40.1875	1509
2171	72.3125	40.1875	1885
2172	72.4375	40.1875	2168
2173	72.5625	40.1875	2063
2174	72.6875	40.1875	1924
2175	72.8125	40.1875	2108
2176	72.9375	40.1875	2328
2177	73.0625	40.1875	2765
2178	73.1875	40.1875	2614
2179	73.3125	40.1875	2726
2180	73.4375	40.1875	2334
2181	73.5625	40.1875	2384
2182	73.6875	40.1875	2814
2183	73.8125	40.1875	3488
2184	73.9375	40.1875	3791
2185	74.0625	40.1875	3480
2186	74.1875	40.1875	3361
2187	74.3125	40.1875	3080
2188	74.4375	40.1875	3379
2189	74.5625	40.1875	3466
2190	67.3125	40.0625	769
2191	67.4375	40.0625	699
2192	67.5625	40.0625	622
2193	67.6875	40.0625	646
2194	67.8125	40.0625	506
2195	67.9375	40.0625	377
2196	68.0625	40.0625	379
2197	68.1875	40.0625	405
2198	68.3125	40.0625	441
2199	68.4375	40.0625	455
2200	68.5625	40.0625	472
2201	68.6875	40.0625	536
2202	68.8125	40.0625	601
2203	68.9375	40.0625	651
2204	69.0625	40.0625	680
2205	69.1875	40.0625	657
2206	69.3125	40.0625	654
2207	69.4375	40.0625	707
2208	69.5625	40.0625	763
2209	69.6875	40.0625	867
2210	69.8125	40.0625	983
2211	69.9375	40.0625	1154
2212	70.0625	40.0625	1356
2213	70.1875	40.0625	1530
2214	70.3125	40.0625	1663
2215	70.4375	40.0625	1432
2216	70.5625	40.0625	1132
2217	70.6875	40.0625	1082
2218	70.8125	40.0625	1056
2219	70.9375	40.0625	1259
2220	71.0625	40.0625	1289
2221	71.1875	40.0625	1612
2222	71.3125	40.0625	2033
2223	71.4375	40.0625	2157
2224	71.5625	40.0625	1915
2225	71.6875	40.0625	1485
2226	71.8125	40.0625	1691
2227	71.9375	40.0625	1920
2228	72.0625	40.0625	1691
2229	72.1875	40.0625	2293
2230	72.3125	40.0625	2808
2231	72.4375	40.0625	2784
2232	72.5625	40.0625	2863
2233	72.6875	40.0625	3440
2234	72.8125	40.0625	3359
2235	72.9375	40.0625	2492
2236	73.0625	40.0625	3065
2237	73.1875	40.0625	3317
2238	73.3125	40.0625	3274
2239	73.4375	40.0625	2924
2240	73.5625	40.0625	2578
2241	73.6875	40.0625	3342
2242	73.8125	40.0625	3800
2243	73.9375	40.0625	3987
2244	74.0625	40.0625	3905
2245	74.1875	40.0625	3685
2246	74.3125	40.0625	3473
2247	74.4375	40.0625	3589
2248	67.3125	39.9375	1101
2249	67.4375	39.9375	792
2250	67.5625	39.9375	690
2251	67.6875	39.9375	866
2252	67.8125	39.9375	1017
2253	67.9375	39.9375	765
2254	68.0625	39.9375	648
2255	68.1875	39.9375	591
2256	68.3125	39.9375	674
2257	68.4375	39.9375	710
2258	68.5625	39.9375	718
2259	68.6875	39.9375	839
2260	68.8125	39.9375	909
2261	68.9375	39.9375	908
2262	69.0625	39.9375	973
2263	69.1875	39.9375	1029
2264	69.3125	39.9375	1056
2265	69.4375	39.9375	1141
2266	69.5625	39.9375	1291
2267	69.6875	39.9375	1570
2268	69.8125	39.9375	1375
2269	69.9375	39.9375	1503
2270	70.0625	39.9375	1897
2271	70.1875	39.9375	1937
2272	70.3125	39.9375	1696
2273	70.4375	39.9375	1552
2274	70.5625	39.9375	1499
2275	70.6875	39.9375	1788
2276	70.8125	39.9375	1748
2277	70.9375	39.9375	1629
2278	71.0625	39.9375	1416
2279	71.1875	39.9375	1550
2280	71.3125	39.9375	2071
2281	71.4375	39.9375	2410
2282	71.5625	39.9375	2760
2283	71.6875	39.9375	2574
2284	71.8125	39.9375	2490
2285	71.9375	39.9375	2960
2286	72.0625	39.9375	2489
2287	72.1875	39.9375	2658
2288	72.3125	39.9375	3385
2289	72.4375	39.9375	3954
2290	72.5625	39.9375	4020
2291	72.6875	39.9375	3854
2292	72.8125	39.9375	3240
2293	72.9375	39.9375	2949
2294	73.0625	39.9375	3065
2295	73.1875	39.9375	3718
2296	73.3125	39.9375	3328
2297	73.4375	39.9375	2706
2298	73.5625	39.9375	3267
2299	73.6875	39.9375	3864
2300	67.4375	39.8125	818
2301	67.5625	39.8125	852
2302	67.6875	39.8125	940
2303	67.8125	39.8125	1181
2304	67.9375	39.8125	1546
2305	68.0625	39.8125	1601
2306	68.1875	39.8125	1252
2307	68.3125	39.8125	1029
2308	68.4375	39.8125	1167
2309	68.5625	39.8125	1386
2310	68.6875	39.8125	1362
2311	68.8125	39.8125	1319
2312	68.9375	39.8125	1282
2313	69.0625	39.8125	1311
2314	69.1875	39.8125	1381
2315	69.3125	39.8125	1393
2316	69.4375	39.8125	1473
2317	69.5625	39.8125	1655
2318	69.6875	39.8125	1759
2319	69.8125	39.8125	1769
2320	69.9375	39.8125	1646
2321	70.0625	39.8125	1698
2322	70.1875	39.8125	2531
2323	70.3125	39.8125	2618
2324	70.4375	39.8125	2297
2325	70.5625	39.8125	2012
2326	70.6875	39.8125	2223
2327	70.8125	39.8125	2854
2328	70.9375	39.8125	2554
2329	71.0625	39.8125	2101
2330	71.1875	39.8125	2745
2331	71.3125	39.8125	3492
2332	71.4375	39.8125	3543
2333	71.5625	39.8125	3371
2334	71.6875	39.8125	3952
2335	71.8125	39.8125	4063
2336	71.9375	39.8125	3677
2337	72.0625	39.8125	2906
2338	72.1875	39.8125	3392
2339	72.3125	39.8125	3984
2340	72.4375	39.8125	4063
2341	72.5625	39.8125	4174
2342	72.6875	39.8125	4117
2343	72.8125	39.8125	4103
2344	72.9375	39.8125	3895
2345	73.0625	39.8125	3856
2346	73.1875	39.8125	3432
2347	73.3125	39.8125	3184
2348	73.4375	39.8125	3435
2349	73.5625	39.8125	3853
2350	67.6875	39.6875	1857
2351	67.8125	39.6875	1991
2352	67.9375	39.6875	1679
2353	68.0625	39.6875	1622
2354	68.1875	39.6875	1898
2355	68.3125	39.6875	1985
2356	68.4375	39.6875	1779
2357	68.5625	39.6875	2313
2358	68.6875	39.6875	2196
2359	68.8125	39.6875	1993
2360	68.9375	39.6875	1944
2361	69.0625	39.6875	1965
2362	69.1875	39.6875	2103
2363	69.3125	39.6875	1985
2364	69.4375	39.6875	2405
2365	69.5625	39.6875	2632
2366	69.6875	39.6875	2931
2367	69.8125	39.6875	2977
2368	69.9375	39.6875	2872
2369	70.0625	39.6875	2962
2370	70.1875	39.6875	3436
2371	70.3125	39.6875	2898
2372	70.4375	39.6875	3277
2373	70.5625	39.6875	3796
2374	70.6875	39.6875	3521
2375	70.8125	39.6875	3168
2376	70.9375	39.6875	2391
2377	71.0625	39.6875	3164
2378	71.1875	39.6875	3455
2379	71.3125	39.6875	3618
2380	71.4375	39.6875	4003
2381	71.5625	39.6875	4140
2382	71.6875	39.6875	4010
2383	71.8125	39.6875	3858
2384	71.9375	39.6875	3781
2385	72.0625	39.6875	3820
2386	72.1875	39.6875	3652
2387	72.3125	39.6875	3680
2388	72.4375	39.6875	3506
2389	67.9375	39.5625	2077
2390	68.0625	39.5625	2359
2391	68.1875	39.5625	2576
2392	68.3125	39.5625	2732
2393	68.4375	39.5625	2740
2394	68.5625	39.5625	3099
2395	68.6875	39.5625	2974
2396	68.8125	39.5625	3127
2397	68.9375	39.5625	3024
2398	69.0625	39.5625	2841
2399	69.1875	39.5625	3050
2400	69.3125	39.5625	3266
2401	69.4375	39.5625	3412
2402	69.5625	39.5625	3614
2403	69.6875	39.5625	3893
2404	69.8125	39.5625	3705
2405	69.9375	39.5625	3965
2406	70.0625	39.5625	3914
2407	70.1875	39.5625	4084
2408	70.3125	39.5625	4006
2409	70.4375	39.5625	4159
2410	70.5625	39.5625	4197
2411	70.6875	39.5625	3941
2412	70.8125	39.5625	3377
2413	70.9375	39.5625	3279
2414	71.0625	39.5625	3333
2415	71.1875	39.5625	3741
2416	71.3125	39.5625	4007
2417	71.4375	39.5625	3948
2418	71.5625	39.5625	3908
2419	68.8125	39.4375	2945
2420	68.9375	39.4375	2822
2421	69.0625	39.4375	2832
2422	69.1875	39.4375	2772
2423	70.6875	39.4375	3511
2424	70.8125	39.4375	3744
2425	70.9375	39.4375	3788
2426	71.0625	39.4375	3853
